  0.000000000000000E+000  0.000000000000000E+000  -2.16132825532710     
  0.000000000000000E+000  0.305320839087168       -2.09775667020488     
  0.000000000000000E+000  0.610641678174337       -1.74496316869541     
  0.000000000000000E+000  0.915962517261505       -1.28354849198697     
  0.000000000000000E+000   1.22128335634867      -0.936716619542393     
  0.000000000000000E+000   1.52660419543584      -0.704157638618675     
  0.000000000000000E+000   1.83192503452301      -0.549798466644456     
  0.000000000000000E+000   2.13724587361018      -0.446775314171557     
  0.000000000000000E+000   2.44256671269735      -0.376376196737757     
  0.000000000000000E+000   2.74788755178452      -0.328497997620382     
  0.000000000000000E+000   3.05320839087168      -0.293716647599721     
  0.000000000000000E+000   3.35852922995885      -0.260682114886172     
  0.000000000000000E+000   3.66385006904602      -0.232175319104658     
  0.000000000000000E+000   3.96917090813319      -0.203225650201045     
  0.000000000000000E+000   4.27449174722036      -0.181566202141077     
  0.000000000000000E+000   4.57981258630753      -0.166996247459841     
  0.000000000000000E+000   4.88513342539469      -0.155081511453391     
  0.000000000000000E+000   5.19045426448186      -0.143834301539107     
  0.000000000000000E+000   5.49577510356903      -0.132954898767502     
  0.000000000000000E+000   5.80109594265620      -0.121102420748361     
  0.000000000000000E+000   6.10641678174337      -0.107446349509313     
  0.000000000000000E+000   6.41173762083054      -9.149923540166412E-002
  0.000000000000000E+000   6.71705845991770      -7.473426982491800E-002
  0.000000000000000E+000   7.02237929900487      -6.627287619874760E-002
  0.000000000000000E+000   7.32770013809204      -6.598596549777729E-002
  0.305320839087168       0.000000000000000E+000  -2.09774728509188     
  0.305320839087168       0.305320839087168       -1.87463002533989     
  0.305320839087168       0.610641678174337       -1.55104368449949     
  0.305320839087168       0.915962517261505       -1.18617224341862     
  0.305320839087168        1.22128335634867      -0.890799608182628     
  0.305320839087168        1.52660419543584      -0.681498576742781     
  0.305320839087168        1.83192503452301      -0.538006657082899     
  0.305320839087168        2.13724587361018      -0.440196822527467     
  0.305320839087168        2.44256671269735      -0.372319824399797     
  0.305320839087168        2.74788755178452      -0.325423198386778     
  0.305320839087168        3.05320839087168      -0.291112392901867     
  0.305320839087168        3.35852922995885      -0.259464176418864     
  0.305320839087168        3.66385006904602      -0.227960114240172     
  0.305320839087168        3.96917090813319      -0.201074547681609     
  0.305320839087168        4.27449174722036      -0.180887374363706     
  0.305320839087168        4.57981258630753      -0.166497338921144     
  0.305320839087168        4.88513342539469      -0.154593029312074     
  0.305320839087168        5.19045426448186      -0.143431652956906     
  0.305320839087168        5.49577510356903      -0.132665746977237     
  0.305320839087168        5.80109594265620      -0.121134355569262     
  0.305320839087168        6.10641678174337      -0.108311432807407     
  0.305320839087168        6.41173762083054      -9.443432673498248E-002
  0.305320839087168        6.71705845991770      -8.199278825627462E-002
  0.305320839087168        7.02237929900487      -7.475574069443061E-002
  0.305320839087168        7.32770013809204      -6.396789409222169E-002
  0.610641678174337       0.000000000000000E+000  -1.74495207850426     
  0.610641678174337       0.305320839087168       -1.55103585464267     
  0.610641678174337       0.610641678174337       -1.25378331115617     
  0.610641678174337       0.915962517261505      -0.997591462706206     
  0.610641678174337        1.22128335634867      -0.787265322212532     
  0.610641678174337        1.52660419543584      -0.625767920613064     
  0.610641678174337        1.83192503452301      -0.507250418571703     
  0.610641678174337        2.13724587361018      -0.422134607984530     
  0.610641678174337        2.44256671269735      -0.360719314785899     
  0.610641678174337        2.74788755178452      -0.316492645509103     
  0.610641678174337        3.05320839087168      -0.283222956464206     
  0.610641678174337        3.35852922995885      -0.253651137886693     
  0.610641678174337        3.66385006904602      -0.224608896555190     
  0.610641678174337        3.96917090813319      -0.199148693704735     
  0.610641678174337        4.27449174722036      -0.179805983448913     
  0.610641678174337        4.57981258630753      -0.165385774477744     
  0.610641678174337        4.88513342539469      -0.153374736199352     
  0.610641678174337        5.19045426448186      -0.142326761833102     
  0.610641678174337        5.49577510356903      -0.131745509500106     
  0.610641678174337        5.80109594265620      -0.120891033043966     
  0.610641678174337        6.10641678174337      -0.109550596833950     
  0.610641678174337        6.41173762083054      -9.836584426732470E-002
  0.610641678174337        6.71705845991770      -8.840421084630018E-002
  0.610641678174337        7.02237929900487      -7.801966818045168E-002
  0.610641678174337        7.32770013809204      -6.673100177003835E-002
  0.915962517261505       0.000000000000000E+000  -1.28353586081798     
  0.915962517261505       0.305320839087168       -1.18616100072054     
  0.915962517261505       0.610641678174337      -0.997585723456320     
  0.915962517261505       0.915962517261505      -0.821733362942568     
  0.915962517261505        1.22128335634867      -0.675790491352862     
  0.915962517261505        1.52660419543584      -0.558172741520960     
  0.915962517261505        1.83192503452301      -0.466561616909190     
  0.915962517261505        2.13724587361018      -0.396501869772111     
  0.915962517261505        2.44256671269735      -0.343520598163092     
  0.915962517261505        2.74788755178452      -0.303486318529065     
  0.915962517261505        3.05320839087168      -0.272142063097656     
  0.915962517261505        3.35852922995885      -0.244805348532365     
  0.915962517261505        3.66385006904602      -0.219158472109355     
  0.915962517261505        3.96917090813319      -0.196372508610924     
  0.915962517261505        4.27449174722036      -0.178036227450927     
  0.915962517261505        4.57981258630753      -0.163674501247671     
  0.915962517261505        4.88513342539469      -0.151570105760820     
  0.915962517261505        5.19045426448186      -0.140626233712217     
  0.915962517261505        5.49577510356903      -0.130242921742696     
  0.915962517261505        5.80109594265620      -0.120009892658932     
  0.915962517261505        6.10641678174337      -0.109765408187243     
  0.915962517261505        6.41173762083054      -9.985358912490504E-002
  0.915962517261505        6.71705845991770      -9.033304945649689E-002
  0.915962517261505        7.02237929900487      -8.056650779488486E-002
  0.915962517261505        7.32770013809204      -7.233659312740649E-002
   1.22128335634867       0.000000000000000E+000 -0.936701319927685     
   1.22128335634867       0.305320839087168      -0.890785669278678     
   1.22128335634867       0.610641678174337      -0.787255876941452     
   1.22128335634867       0.915962517261505      -0.675786362757056     
   1.22128335634867        1.22128335634867      -0.576316606140832     
   1.22128335634867        1.52660419543584      -0.492278116098916     
   1.22128335634867        1.83192503452301      -0.423202859067155     
   1.22128335634867        2.13724587361018      -0.367374382516072     
   1.22128335634867        2.44256671269735      -0.323229945609206     
   1.22128335634867        2.74788755178452      -0.288268981983827     
   1.22128335634867        3.05320839087168      -0.259654870240700     
   1.22128335634867        3.35852922995885      -0.234788225938419     
   1.22128335634867        3.66385006904602      -0.212151627177738     
   1.22128335634867        3.96917090813319      -0.192022460506747     
   1.22128335634867        4.27449174722036      -0.175103329265290     
   1.22128335634867        4.57981258630753      -0.161098718618649     
   1.22128335634867        4.88513342539469      -0.149144717352496     
   1.22128335634867        5.19045426448186      -0.138406411695882     
   1.22128335634867        5.49577510356903      -0.128291952730071     
   1.22128335634867        5.80109594265620      -0.118525961868406     
   1.22128335634867        6.10641678174337      -0.109014708126250     
   1.22128335634867        6.41173762083054      -9.988727870124373E-002
   1.22128335634867        6.71705845991770      -9.117602066750526E-002
   1.22128335634867        7.02237929900487      -8.299877125782597E-002
   1.22128335634867        7.32770013809204      -7.640190970933278E-002
   1.52660419543584       0.000000000000000E+000 -0.704138177535606     
   1.52660419543584       0.305320839087168      -0.681481183587522     
   1.52660419543584       0.610641678174337      -0.625755481213852     
   1.52660419543584       0.915962517261505      -0.558166129388109     
   1.52660419543584        1.22128335634867      -0.492276093932063     
   1.52660419543584        1.52660419543584      -0.433008575556550     
   1.52660419543584        1.83192503452301      -0.381329687197095     
   1.52660419543584        2.13724587361018      -0.337816551258704     
   1.52660419543584        2.44256671269735      -0.301904170741489     
   1.52660419543584        2.74788755178452      -0.272162014847423     
   1.52660419543584        3.05320839087168      -0.246847199743530     
   1.52660419543584        3.35852922995885      -0.224493410123811     
   1.52660419543584        3.66385006904602      -0.204352729653005     
   1.52660419543584        3.96917090813319      -0.186423023268718     
   1.52660419543584        4.27449174722036      -0.170905763945415     
   1.52660419543584        4.57981258630753      -0.157652374349983     
   1.52660419543584        4.88513342539469      -0.146135806355300     
   1.52660419543584        5.19045426448186      -0.135728635382397     
   1.52660419543584        5.49577510356903      -0.125960560215740     
   1.52660419543584        5.80109594265620      -0.116624393092286     
   1.52660419543584        6.10641678174337      -0.107712944448643     
   1.52660419543584        6.41173762083054      -9.929417427140338E-002
   1.52660419543584        6.71705845991770      -9.146420354293004E-002
   1.52660419543584        7.02237929900487      -8.441930406399017E-002
   1.52660419543584        7.32770013809204      -7.858096050795357E-002
   1.83192503452301       0.000000000000000E+000 -0.549773081387912     
   1.83192503452301       0.305320839087168      -0.537984547627945     
   1.83192503452301       0.610641678174337      -0.507235237519634     
   1.83192503452301       0.915962517261505      -0.466554206548412     
   1.83192503452301        1.22128335634867      -0.423201499160936     
   1.83192503452301        1.52660419543584      -0.381331013418822     
   1.83192503452301        1.83192503452301      -0.343189353291591     
   1.83192503452301        2.13724587361018      -0.309723088648320     
   1.83192503452301        2.44256671269735      -0.280871883331320     
   1.83192503452301        2.74788755178452      -0.255908212822335     
   1.83192503452301        3.05320839087168      -0.233887132382872     
   1.83192503452301        3.35852922995885      -0.214063663126712     
   1.83192503452301        3.66385006904602      -0.196110123251950     
   1.83192503452301        3.96917090813319      -0.180040121532685     
   1.83192503452301        4.27449174722036      -0.165913035535189     
   1.83192503452301        4.57981258630753      -0.153575118535284     
   1.83192503452301        4.88513342539469      -0.142638549673555     
   1.83192503452301        5.19045426448186      -0.132651766512911     
   1.83192503452301        5.49577510356903      -0.123286231546125     
   1.83192503452301        5.80109594265620      -0.114412055044927     
   1.83192503452301        6.10641678174337      -0.106046866592408     
   1.83192503452301        6.41173762083054      -9.825780255724828E-002
   1.83192503452301        6.71705845991770      -9.112203483164141E-002
   1.83192503452301        7.02237929900487      -8.476901840155929E-002
   1.83192503452301        7.32770013809204      -7.937507894425617E-002
   2.13724587361018       0.000000000000000E+000 -0.446741802029008     
   2.13724587361018       0.305320839087168      -0.440168790927598     
   2.13724587361018       0.610641678174337      -0.422117647888807     
   2.13724587361018       0.915962517261505      -0.396496420694138     
   2.13724587361018        1.22128335634867      -0.367377240746293     
   2.13724587361018        1.52660419543584      -0.337822988471482     
   2.13724587361018        1.83192503452301      -0.309728299075182     
   2.13724587361018        2.13724587361018      -0.284006576267645     
   2.13724587361018        2.44256671269735      -0.260831754391748     
   2.13724587361018        2.74788755178452      -0.239931678757605     
   2.13724587361018        3.05320839087168      -0.220906900511173     
   2.13724587361018        3.35852922995885      -0.203477684516039     
   2.13724587361018        3.66385006904602      -0.187568461717500     
   2.13724587361018        3.96917090813319      -0.173221893961993     
   2.13724587361018        4.27449174722036      -0.160432359208343     
   2.13724587361018        4.57981258630753      -0.149036360174395     
   2.13724587361018        4.88513342539469      -0.138738610850484     
   2.13724587361018        5.19045426448186      -0.129234711320259     
   2.13724587361018        5.49577510356903      -0.120323818828746     
   2.13724587361018        5.80109594265620      -0.111937913674932     
   2.13724587361018        6.10641678174337      -0.104092403361939     
   2.13724587361018        6.41173762083054      -9.682458166743418E-002
   2.13724587361018        6.71705845991770      -9.018547235362093E-002
   2.13724587361018        7.02237929900487      -8.427777314653410E-002
   2.13724587361018        7.32770013809204      -7.923101455918813E-002
   2.44256671269735       0.000000000000000E+000 -0.376328772130699     
   2.44256671269735       0.305320839087168      -0.372283204060525     
   2.44256671269735       0.610641678174337      -0.360703006707118     
   2.44256671269735       0.915962517261505      -0.343521699162032     
   2.44256671269735        1.22128335634867      -0.323241521257434     
   2.44256671269735        1.52660419543584      -0.301919509764170     
   2.44256671269735        1.83192503452301      -0.280885450918958     
   2.44256671269735        2.13724587361018      -0.260839601061350     
   2.44256671269735        2.44256671269735      -0.242032079457533     
   2.44256671269735        2.74788755178452      -0.224465534199287     
   2.44256671269735        3.05320839087168      -0.208080785281011     
   2.44256671269735        3.35852922995885      -0.192868395189395     
   2.44256671269735        3.66385006904602      -0.178876407720439     
   2.44256671269735        3.96917090813319      -0.166141517397999     
   2.44256671269735        4.27449174722036      -0.154613853173866     
   2.44256671269735        4.57981258630753      -0.144138151064653     
   2.44256671269735        4.88513342539469      -0.134507303075719     
   2.44256671269735        5.19045426448186      -0.125544571515676     
   2.44256671269735        5.49577510356903      -0.117152126712892     
   2.44256671269735        5.80109594265620      -0.109298984748072     
   2.44256671269735        6.10641678174337      -0.101970428525497     
   2.44256671269735        6.41173762083054      -9.513202119486310E-002
   2.44256671269735        6.71705845991770      -8.877202863782196E-002
   2.44256671269735        7.02237929900487      -8.304963753766074E-002
   2.44256671269735        7.32770013809204      -7.830612767079469E-002
   2.74788755178452       0.000000000000000E+000 -0.328436043640839     
   2.74788755178452       0.305320839087168      -0.325380695917219     
   2.74788755178452       0.610641678174337      -0.316484070933305     
   2.74788755178452       0.915962517261505      -0.303501804980652     
   2.74788755178452        1.22128335634867      -0.288294534931518     
   2.74788755178452        1.52660419543584      -0.272189370130617     
   2.74788755178452        1.83192503452301      -0.255931981757885     
   2.74788755178452        2.13724587361018      -0.239948417855242     
   2.74788755178452        2.44256671269735      -0.224473775927781     
   2.74788755178452        2.74788755178452      -0.209648463026636     
   2.74788755178452        3.05320839087168      -0.195588501671024     
   2.74788755178452        3.35852922995885      -0.182405863547619     
   2.74788755178452        3.66385006904602      -0.170181113853027     
   2.74788755178452        3.96917090813319      -0.158923269333499     
   2.74788755178452        4.27449174722036      -0.148558461603328     
   2.74788755178452        4.57981258630753      -0.138962908631569     
   2.74788755178452        4.88513342539469      -0.130019792160701     
   2.74788755178452        5.19045426448186      -0.121659962638970     
   2.74788755178452        5.49577510356903      -0.113860445798472     
   2.74788755178452        5.80109594265620      -0.106605565365241     
   2.74788755178452        6.10641678174337      -9.983124752674125E-002
   2.74788755178452        6.41173762083054      -9.336850026971383E-002
   2.74788755178452        6.71705845991770      -8.712533000895904E-002
   2.74788755178452        7.02237929900487      -8.148097028152743E-002
   2.74788755178452        7.32770013809204      -7.704310309577629E-002
   3.05320839087168       0.000000000000000E+000 -0.293653248939613     
   3.05320839087168       0.305320839087168      -0.291082821156679     
   3.05320839087168       0.610641678174337      -0.283241441958300     
   3.05320839087168       0.915962517261505      -0.272184151627128     
   3.05320839087168        1.22128335634867      -0.259699372741752     
   3.05320839087168        1.52660419543584      -0.246887829470542     
   3.05320839087168        1.83192503452301      -0.233921042292722     
   3.05320839087168        2.13724587361018      -0.220931924754542     
   3.05320839087168        2.44256671269735      -0.208096284011639     
   3.05320839087168        2.74788755178452      -0.195595364085943     
   3.05320839087168        3.05320839087168      -0.183601636293002     
   3.05320839087168        3.35852922995885      -0.172251186727750     
   3.05320839087168        3.66385006904602      -0.161611965606667     
   3.05320839087168        3.96917090813319      -0.151670507712124     
   3.05320839087168        4.27449174722036      -0.142356474791991     
   3.05320839087168        4.57981258630753      -0.133596921809620     
   3.05320839087168        4.88513342539469      -0.125360039505718     
   3.05320839087168        5.19045426448186      -0.117658531874271     
   3.05320839087168        5.49577510356903      -0.110517664022814     
   3.05320839087168        5.80109594265620      -0.103931647361412     
   3.05320839087168        6.10641678174337      -9.781165545601037E-002
   3.05320839087168        6.41173762083054      -9.191886011713322E-002
   3.05320839087168        6.71705845991770      -8.604831830050919E-002
   3.05320839087168        7.02237929900487      -8.036441639435277E-002
   3.05320839087168        7.32770013809204      -7.609814187132639E-002
   3.35852922995885       0.000000000000000E+000 -0.260649839831746     
   3.35852922995885       0.305320839087168      -0.259481740326947     
   3.35852922995885       0.610641678174337      -0.253715384654964     
   3.35852922995885       0.915962517261505      -0.244878910046190     
   3.35852922995885        1.22128335634867      -0.234851800063238     
   3.35852922995885        1.52660419543584      -0.224544961660035     
   3.35852922995885        1.83192503452301      -0.214105267797952     
   3.35852922995885        2.13724587361018      -0.203508835278088     
   3.35852922995885        2.44256671269735      -0.192889211244415     
   3.35852922995885        2.74788755178452      -0.182417702541601     
   3.35852922995885        3.05320839087168      -0.172256098298923     
   3.35852922995885        3.35852922995885      -0.162520255695970     
   3.35852922995885        3.66385006904602      -0.153260259160609     
   3.35852922995885        3.96917090813319      -0.144464712080128     
   3.35852922995885        4.27449174722036      -0.136092619896279     
   3.35852922995885        4.57981258630753      -0.128128756088202     
   3.35852922995885        4.88513342539469      -0.120608546216455     
   3.35852922995885        5.19045426448186      -0.113594844291728     
   3.35852922995885        5.49577510356903      -0.107138228936023     
   3.35852922995885        5.80109594265620      -0.101254556732831     
   3.35852922995885        6.10641678174337      -9.592652045782632E-002
   3.35852922995885        6.41173762083054      -9.099774702214311E-002
   3.35852922995885        6.71705845991770      -8.600611132761279E-002
   3.35852922995885        7.02237929900487      -8.056703949130192E-002
   3.35852922995885        7.32770013809204      -7.627862403931754E-002
   3.66385006904602       0.000000000000000E+000 -0.232186080362912     
   3.66385006904602       0.305320839087168      -0.228017588644578     
   3.66385006904602       0.610641678174337      -0.224696945987368     
   3.66385006904602       0.915962517261505      -0.219244907886335     
   3.66385006904602        1.22128335634867      -0.212222546910879     
   3.66385006904602        1.52660419543584      -0.204408359098730     
   3.66385006904602        1.83192503452301      -0.196154806807135     
   3.66385006904602        2.13724587361018      -0.187602428054429     
   3.66385006904602        2.44256671269735      -0.178900058005672     
   3.66385006904602        2.74788755178452      -0.170195933786922     
   3.66385006904602        3.05320839087168      -0.161620039885329     
   3.66385006904602        3.35852922995885      -0.153263552184926     
   3.66385006904602        3.66385006904602      -0.145174306115351     
   3.66385006904602        3.96917090813319      -0.137366480098725     
   3.66385006904602        4.27449174722036      -0.129842963352313     
   3.66385006904602        4.57981258630753      -0.122638442866377     
   3.66385006904602        4.88513342539469      -0.115826668533667     
   3.66385006904602        5.19045426448186      -0.109486871412950     
   3.66385006904602        5.49577510356903      -0.103673311176849     
   3.66385006904602        5.80109594265620      -9.842545510803902E-002
   3.66385006904602        6.10641678174337      -9.384839238102656E-002
   3.66385006904602        6.41173762083054      -8.989414153805578E-002
   3.66385006904602        6.71705845991770      -8.606663651995332E-002
   3.66385006904602        7.02237929900487      -8.149028887715584E-002
   3.66385006904602        7.32770013809204      -7.704821606545653E-002
   3.96917090813319       0.000000000000000E+000 -0.203193164885521     
   3.96917090813319       0.305320839087168      -0.201081219903740     
   3.96917090813319       0.610641678174337      -0.199202580924068     
   3.96917090813319       0.915962517261505      -0.196439814379502     
   3.96917090813319        1.22128335634867      -0.192083330429876     
   3.96917090813319        1.52660419543584      -0.186474023413909     
   3.96917090813319        1.83192503452301      -0.180082505911737     
   3.96917090813319        2.13724587361018      -0.173254997410715     
   3.96917090813319        2.44256671269735      -0.166165385090372     
   3.96917090813319        2.74788755178452      -0.158939128705358     
   3.96917090813319        3.05320839087168      -0.151680206332314     
   3.96917090813319        3.35852922995885      -0.144470003090586     
   3.96917090813319        3.66385006904602      -0.137368665263101     
   3.96917090813319        3.96917090813319      -0.130422125556424     
   3.96917090813319        4.27449174722036      -0.123674991093109     
   3.96917090813319        4.57981258630753      -0.117191948954655     
   3.96917090813319        4.88513342539469      -0.111053217619343     
   3.96917090813319        5.19045426448186      -0.105326295443402     
   3.96917090813319        5.49577510356903      -0.100050422561975     
   3.96917090813319        5.80109594265620      -9.526342096494454E-002
   3.96917090813319        6.10641678174337      -9.109807114036467E-002
   3.96917090813319        6.41173762083054      -8.755324556617734E-002
   3.96917090813319        6.71705845991770      -8.402143711221574E-002
   3.96917090813319        7.02237929900487      -7.930663182791424E-002
   3.96917090813319        7.32770013809204      -7.334384540988628E-002
   4.27449174722036       0.000000000000000E+000 -0.181504043079079     
   4.27449174722036       0.305320839087168      -0.180849249474699     
   4.27449174722036       0.610641678174337      -0.179814379004343     
   4.27449174722036       0.915962517261505      -0.178071583152869     
   4.27449174722036        1.22128335634867      -0.175145128054043     
   4.27449174722036        1.52660419543584      -0.170946287965317     
   4.27449174722036        1.83192503452301      -0.165948942552811     
   4.27449174722036        2.13724587361018      -0.160461502483258     
   4.27449174722036        2.44256671269735      -0.154635601341405     
   4.27449174722036        2.74788755178452      -0.148573546681783     
   4.27449174722036        3.05320839087168      -0.142366328659143     
   4.27449174722036        3.35852922995885      -0.136098682209878     
   4.27449174722036        3.66385006904602      -0.129846321757957     
   4.27449174722036        3.96917090813319      -0.123676389677319     
   4.27449174722036        4.27449174722036      -0.117653256556020     
   4.27449174722036        4.57981258630753      -0.111844706321727     
   4.27449174722036        4.88513342539469      -0.106314358881289     
   4.27449174722036        5.19045426448186      -0.101105175919258     
   4.27449174722036        5.49577510356903      -9.623533871640573E-002
   4.27449174722036        5.80109594265620      -9.172073138752165E-002
   4.27449174722036        6.10641678174337      -8.761868111410077E-002
   4.27449174722036        6.41173762083054      -8.393456566699176E-002
   4.27449174722036        6.71705845991770      -8.007031954032880E-002
   4.27449174722036        7.02237929900487      -7.527394659938987E-002
   4.27449174722036        7.32770013809204      -6.994646607165478E-002
   4.57981258630753       0.000000000000000E+000 -0.166941203720387     
   4.57981258630753       0.305320839087168      -0.166454783063529     
   4.57981258630753       0.610641678174337      -0.165374181869689     
   4.57981258630753       0.915962517261505      -0.163687808276543     
   4.57981258630753        1.22128335634867      -0.161123921116530     
   4.57981258630753        1.52660419543584      -0.157681246332384     
   4.57981258630753        1.83192503452301      -0.153602701421433     
   4.57981258630753        2.13724587361018      -0.149059703026648     
   4.57981258630753        2.44256671269735      -0.144156077737684     
   4.57981258630753        2.74788755178452      -0.138975651611014     
   4.57981258630753        3.05320839087168      -0.133605485625570     
   4.57981258630753        3.35852922995885      -0.128134294848431     
   4.57981258630753        3.66385006904602      -0.122641896197918     
   4.57981258630753        3.96917090813319      -0.117193955742656     
   4.57981258630753        4.27449174722036      -0.111845643688660     
   4.57981258630753        4.57981258630753      -0.106645970027127     
   4.57981258630753        4.88513342539469      -0.101634741798510     
   4.57981258630753        5.19045426448186      -9.683597850715078E-002
   4.57981258630753        5.49577510356903      -9.225815849081662E-002
   4.57981258630753        5.80109594265620      -8.790484633918040E-002
   4.57981258630753        6.10641678174337      -8.378151558052435E-002
   4.57981258630753        6.41173762083054      -7.985237137943421E-002
   4.57981258630753        6.71705845991770      -7.583973844842772E-002
   4.57981258630753        7.02237929900487      -7.142748786447713E-002
   4.57981258630753        7.32770013809204      -6.701508837539696E-002
   4.88513342539469       0.000000000000000E+000 -0.155046773591945     
   4.88513342539469       0.305320839087168      -0.154564514310110     
   4.88513342539469       0.610641678174337      -0.153363173937381     
   4.88513342539469       0.915962517261505      -0.151574306777511     
   4.88513342539469        1.22128335634867      -0.149159116098626     
   4.88513342539469        1.52660419543584      -0.146154949288787     
   4.88513342539469        1.83192503452301      -0.142658122103930     
   4.88513342539469        2.13724587361018      -0.138755709227320     
   4.88513342539469        2.44256671269735      -0.134520525496153     
   4.88513342539469        2.74788755178452      -0.130029027757012     
   4.88513342539469        3.05320839087168      -0.125366005335040     
   4.88513342539469        3.35852922995885      -0.120612278157214     
   4.88513342539469        3.66385006904602      -0.115829135116343     
   4.88513342539469        3.96917090813319      -0.111055095236436     
   4.88513342539469        4.27449174722036      -0.106315919147258     
   4.88513342539469        4.57981258630753      -0.101635809123010     
   4.88513342539469        4.88513342539469      -9.704030775748142E-002
   4.88513342539469        5.19045426448186      -9.255287485143093E-002
   4.88513342539469        5.49577510356903      -8.819130709267539E-002
   4.88513342539469        5.80109594265620      -8.396737057175610E-002
   4.88513342539469        6.10641678174337      -7.988312697858130E-002
   4.88513342539469        6.41173762083054      -7.591300880245345E-002
   4.88513342539469        6.71705845991770      -7.198191283383808E-002
   4.88513342539469        7.02237929900487      -6.804010202027240E-002
   4.88513342539469        7.32770013809204      -6.432233867346722E-002
   5.19045426448186       0.000000000000000E+000 -0.143817992763054     
   5.19045426448186       0.305320839087168      -0.143417558772212     
   5.19045426448186       0.610641678174337      -0.142319916640067     
   5.19045426448186       0.915962517261505      -0.140627887313169     
   5.19045426448186        1.22128335634867      -0.138414915620880     
   5.19045426448186        1.52660419543584      -0.135741022936874     
   5.19045426448186        1.83192503452301      -0.132664935049038     
   5.19045426448186        2.13724587361018      -0.129246199783465     
   5.19045426448186        2.44256671269735      -0.125552979011330     
   5.19045426448186        2.74788755178452      -0.121665015419546     
   5.19045426448186        3.05320839087168      -0.117660872190280     
   5.19045426448186        3.35852922995885      -0.113595651813157     
   5.19045426448186        3.66385006904602      -0.109487409309190     
   5.19045426448186        3.96917090813319      -0.105327472309358     
   5.19045426448186        4.27449174722036      -0.101107242516257     
   5.19045426448186        4.57981258630753      -9.683845475391219E-002
   5.19045426448186        4.88513342539469      -9.255472359363978E-002
   5.19045426448186        5.19045426448186      -8.829981288388378E-002
   5.19045426448186        5.49577510356903      -8.411397555346178E-002
   5.19045426448186        5.80109594265620      -8.002441460672008E-002
   5.19045426448186        6.10641678174337      -7.604179766355350E-002
   5.19045426448186        6.41173762083054      -7.216458406635551E-002
   5.19045426448186        6.71705845991770      -6.840039243399891E-002
   5.19045426448186        7.02237929900487      -6.481451522085324E-002
   5.19045426448186        7.32770013809204      -6.156421821839583E-002
   5.49577510356903       0.000000000000000E+000 -0.132950424685061     
   5.49577510356903       0.305320839087168      -0.132661848025168     
   5.49577510356903       0.610641678174337      -0.131743947042603     
   5.49577510356903       0.915962517261505      -0.130244960039511     
   5.49577510356903        1.22128335634867      -0.128297827521768     
   5.49577510356903        1.52660419543584      -0.125968952142703     
   5.49577510356903        1.83192503452301      -0.123295003299633     
   5.49577510356903        2.13724587361018      -0.120330905262130     
   5.49577510356903        2.44256671269735      -0.117156151474630     
   5.49577510356903        2.74788755178452      -0.113861055040517     
   5.49577510356903        3.05320839087168      -0.110515604838789     
   5.49577510356903        3.35852922995885      -0.107135129264878     
   5.49577510356903        3.66385006904602      -0.103671088110146     
   5.49577510356903        3.96917090813319      -0.100050463438232     
   5.49577510356903        4.27449174722036      -9.623791612664880E-002
   5.49577510356903        4.57981258630753      -9.226241047111770E-002
   5.49577510356903        4.88513342539469      -8.819566436314816E-002
   5.49577510356903        5.19045426448186      -8.411676014830836E-002
   5.49577510356903        5.49577510356903      -8.008669406047446E-002
   5.49577510356903        5.80109594265620      -7.613672911083416E-002
   5.49577510356903        6.10641678174337      -7.227076452904405E-002
   5.49577510356903        6.41173762083054      -6.848458519184859E-002
   5.49577510356903        6.71705845991770      -6.481564608817425E-002
   5.49577510356903        7.02237929900487      -6.139869042199239E-002
   5.49577510356903        7.32770013809204      -5.841939387881324E-002
   5.80109594265620       0.000000000000000E+000 -0.121104292550068     
   5.80109594265620       0.305320839087168      -0.121136203127499     
   5.80109594265620       0.610641678174337      -0.120893132705398     
   5.80109594265620       0.915962517261505      -0.120012959404043     
   5.80109594265620        1.22128335634867      -0.118530805269096     
   5.80109594265620        1.52660419543584      -0.116630810771839     
   5.80109594265620        1.83192503452301      -0.114418276015501     
   5.80109594265620        2.13724587361018      -0.111941956725361     
   5.80109594265620        2.44256671269735      -0.109299322869517     
   5.80109594265620        2.74788755178452      -0.106601635793026     
   5.80109594265620        3.05320839087168      -0.103924300429416     
   5.80109594265620        3.35852922995885      -0.101246207015427     
   5.80109594265620        3.66385006904602      -9.841932131370695E-002
   5.80109594265620        3.96917090813319      -9.526179704744395E-002
   5.80109594265620        4.27449174722036      -9.172379595994548E-002
   5.80109594265620        4.57981258630753      -8.791104160691221E-002
   5.80109594265620        4.88513342539469      -8.397443856040722E-002
   5.80109594265620        5.19045426448186      -8.003023214599098E-002
   5.80109594265620        5.49577510356903      -7.613986724765541E-002
   5.80109594265620        5.80109594265620      -7.231359861004623E-002
   5.80109594265620        6.10641678174337      -6.852545553318719E-002
   5.80109594265620        6.41173762083054      -6.477857395148352E-002
   5.80109594265620        6.71705845991770      -6.111461722668206E-002
   5.80109594265620        7.02237929900487      -5.769954807370949E-002
   5.80109594265620        7.32770013809204      -5.485730691972884E-002
   6.10641678174337       0.000000000000000E+000 -0.107447928459399     
   6.10641678174337       0.305320839087168      -0.108313463244615     
   6.10641678174337       0.610641678174337      -0.109553371316595     
   6.10641678174337       0.915962517261505      -0.109769066055416     
   6.10641678174337        1.22128335634867      -0.109019638025082     
   6.10641678174337        1.52660419543584      -0.107718880944331     
   6.10641678174337        1.83192503452301      -0.106052117151951     
   6.10641678174337        2.13724587361018      -0.104094749112581     
   6.10641678174337        2.44256671269735      -0.101967898921611     
   6.10641678174337        2.74788755178452      -9.982255033554478E-002
   6.10641678174337        3.05320839087168      -9.779715611972939E-002
   6.10641678174337        3.35852922995885      -9.590976668910998E-002
   6.10641678174337        3.66385006904602      -9.383583471156853E-002
   6.10641678174337        3.96917090813319      -9.109398975003354E-002
   6.10641678174337        4.27449174722036      -8.762236490651201E-002
   6.10641678174337        4.57981258630753      -8.378964017543053E-002
   6.10641678174337        4.88513342539469      -7.989250891301312E-002
   6.10641678174337        5.19045426448186      -7.605004164563527E-002
   6.10641678174337        5.49577510356903      -7.227643983337469E-002
   6.10641678174337        5.80109594265620      -6.852816431089095E-002
   6.10641678174337        6.10641678174337      -6.479131498852031E-002
   6.10641678174337        6.41173762083054      -6.103348191113196E-002
   6.10641678174337        6.71705845991770      -5.718814750643634E-002
   6.10641678174337        7.02237929900487      -5.341607012936532E-002
   6.10641678174337        7.32770013809204      -5.047368079401360E-002
   6.41173762083054       0.000000000000000E+000 -9.149178343129268E-002
   6.41173762083054       0.305320839087168      -9.443020529175991E-002
   6.41173762083054       0.610641678174337      -9.836654332124592E-002
   6.41173762083054       0.915962517261505      -9.985726175063309E-002
   6.41173762083054        1.22128335634867      -9.989308623577837E-002
   6.41173762083054        1.52660419543584      -9.930111719470035E-002
   6.41173762083054        1.83192503452301      -9.826358567954260E-002
   6.41173762083054        2.13724587361018      -9.682666997332262E-002
   6.41173762083054        2.44256671269735      -9.512780457358583E-002
   6.41173762083054        2.74788755178452      -9.335478206994463E-002
   6.41173762083054        3.05320839087168      -9.189467223442535E-002
   6.41173762083054        3.35852922995885      -9.096986985928809E-002
   6.41173762083054        3.66385006904602      -8.987426103219522E-002
   6.41173762083054        3.96917090813319      -8.754771587297898E-002
   6.41173762083054        4.27449174722036      -8.394024517368030E-002
   6.41173762083054        4.57981258630753      -7.986274014150450E-002
   6.41173762083054        4.88513342539469      -7.592383924622342E-002
   6.41173762083054        5.19045426448186      -7.217391617442981E-002
   6.41173762083054        5.49577510356903      -6.849140707619286E-002
   6.41173762083054        5.80109594265620      -6.478262290254590E-002
   6.41173762083054        6.10641678174337      -6.103495545646972E-002
   6.41173762083054        6.41173762083054      -5.716001954831006E-002
   6.41173762083054        6.71705845991770      -5.293513767933306E-002
   6.41173762083054        7.02237929900487      -4.823384342736134E-002
   6.41173762083054        7.32770013809204      -4.463732096212417E-002
   6.71705845991770       0.000000000000000E+000 -7.471079273112685E-002
   6.71705845991770       0.305320839087168      -8.197981849489881E-002
   6.71705845991770       0.610641678174337      -8.840188309661132E-002
   6.71705845991770       0.915962517261505      -9.033592868794779E-002
   6.71705845991770        1.22128335634867      -9.118247925613977E-002
   6.71705845991770        1.52660419543584      -9.147260261308898E-002
   6.71705845991770        1.83192503452301      -9.112957940583137E-002
   6.71705845991770        2.13724587361018      -9.018900312889884E-002
   6.71705845991770        2.44256671269735      -8.876848946465207E-002
   6.71705845991770        2.74788755178452      -8.710963841584612E-002
   6.71705845991770        3.05320839087168      -8.601887683828295E-002
   6.71705845991770        3.35852922995885      -8.597134535237386E-002
   6.71705845991770        3.66385006904602      -8.604518851909849E-002
   6.71705845991770        3.96917090813319      -8.402003736740589E-002
   6.71705845991770        4.27449174722036      -8.008015845710632E-002
   6.71705845991770        4.57981258630753      -7.585235337762096E-002
   6.71705845991770        4.88513342539469      -7.199296299531452E-002
   6.71705845991770        5.19045426448186      -6.840907337154165E-002
   6.71705845991770        5.49577510356903      -6.482170671385723E-002
   6.71705845991770        5.80109594265620      -6.111799689439612E-002
   6.71705845991770        6.10641678174337      -5.718935728388157E-002
   6.71705845991770        6.41173762083054      -5.293536752102085E-002
   6.71705845991770        6.71705845991770      -4.825676717140066E-002
   6.71705845991770        7.02237929900487      -4.247364569180237E-002
   6.71705845991770        7.32770013809204      -3.732614663231126E-002
   7.02237929900487       0.000000000000000E+000 -6.624986017023443E-002
   7.02237929900487       0.305320839087168      -7.474248182433990E-002
   7.02237929900487       0.610641678174337      -7.801297884065442E-002
   7.02237929900487       0.915962517261505      -8.056630704454408E-002
   7.02237929900487        1.22128335634867      -8.300436016325341E-002
   7.02237929900487        1.52660419543584      -8.442831680028733E-002
   7.02237929900487        1.83192503452301      -8.477849553296543E-002
   7.02237929900487        2.13724587361018      -8.428455977199391E-002
   7.02237929900487        2.44256671269735      -8.305110605779940E-002
   7.02237929900487        2.74788755178452      -8.147292642550492E-002
   7.02237929900487        3.05320839087168      -8.034419116804958E-002
   7.02237929900487        3.35852922995885      -8.054183779755360E-002
   7.02237929900487        3.66385006904602      -8.148279792442195E-002
   7.02237929900487        3.96917090813319      -7.931590995609884E-002
   7.02237929900487        4.27449174722036      -7.528719443476881E-002
   7.02237929900487        4.57981258630753      -7.143974989390550E-002
   7.02237929900487        4.88513342539469      -6.804952561135029E-002
   7.02237929900487        5.19045426448186      -6.482091915168740E-002
   7.02237929900487        5.49577510356903      -6.140228606330442E-002
   7.02237929900487        5.80109594265620      -5.770073971097178E-002
   7.02237929900487        6.10641678174337      -5.341586813042414E-002
   7.02237929900487        6.41173762083054      -4.823402237152181E-002
   7.02237929900487        6.71705845991770      -4.247516311173130E-002
   7.02237929900487        7.02237929900487      -3.759407284315499E-002
   7.02237929900487        7.32770013809204      -3.242338609984748E-002
   7.32770013809204       0.000000000000000E+000 -6.598038183670286E-002
   7.32770013809204       0.305320839087168      -6.395394866278818E-002
   7.32770013809204       0.610641678174337      -6.671804910999929E-002
   7.32770013809204       0.915962517261505      -7.233262560535972E-002
   7.32770013809204        1.22128335634867      -7.640568809389130E-002
   7.32770013809204        1.52660419543584      -7.858963774537621E-002
   7.32770013809204        1.83192503452301      -7.938606679918556E-002
   7.32770013809204        2.13724587361018      -7.924231002789042E-002
   7.32770013809204        2.44256671269735      -7.831709073533345E-002
   7.32770013809204        2.74788755178452      -7.705307874691240E-002
   7.32770013809204        3.05320839087168      -7.610707825012827E-002
   7.32770013809204        3.35852922995885      -7.628827189949343E-002
   7.32770013809204        3.66385006904602      -7.705892433700950E-002
   7.32770013809204        3.96917090813319      -7.335545227579672E-002
   7.32770013809204        4.27449174722036      -6.995729077491546E-002
   7.32770013809204        4.57981258630753      -6.702371499921086E-002
   7.32770013809204        4.88513342539469      -6.432838456288378E-002
   7.32770013809204        5.19045426448186      -6.156762109708639E-002
   7.32770013809204        5.49577510356903      -5.842013923624997E-002
   7.32770013809204        5.80109594265620      -5.485624184949490E-002
   7.32770013809204        6.10641678174337      -5.047228151392912E-002
   7.32770013809204        6.41173762083054      -4.463808787244132E-002
   7.32770013809204        6.71705845991770      -3.733126456622318E-002
   7.32770013809204        7.02237929900487      -3.242767425707355E-002
   7.32770013809204        7.32770013809204      -3.075236008749014E-002
