  0.000000000000000E+000  0.000000000000000E+000 -0.549773081387913     
  0.000000000000000E+000  0.305320839087168      -0.554708756946531     
  0.000000000000000E+000  0.610641678174337      -0.505819690150406     
  0.000000000000000E+000  0.915962517261505      -0.430884821045433     
  0.000000000000000E+000   1.22128335634867      -0.369851350805426     
  0.000000000000000E+000   1.52660419543584      -0.324568627373580     
  0.000000000000000E+000   1.83192503452301      -0.290457673776694     
  0.000000000000000E+000   2.13724587361018      -0.263985782542846     
  0.000000000000000E+000   2.44256671269735      -0.243031582514739     
  0.000000000000000E+000   2.74788755178452      -0.226246045957112     
  0.000000000000000E+000   3.05320839087168      -0.211772305998069     
  0.000000000000000E+000   3.35852922995885      -0.196902143233564     
  0.000000000000000E+000   3.66385006904602      -0.181933391459737     
  0.000000000000000E+000   3.96917090813319      -0.167693066657121     
  0.000000000000000E+000   4.27449174722036      -0.154172756293090     
  0.000000000000000E+000   4.57981258630753      -0.141341527931442     
  0.000000000000000E+000   4.88513342539469      -0.129806524278537     
  0.000000000000000E+000   5.19045426448186      -0.119740522144210     
  0.000000000000000E+000   5.49577510356903      -0.111044674817864     
  0.000000000000000E+000   5.80109594265620      -0.103445150378959     
  0.000000000000000E+000   6.10641678174337      -9.675350790181454E-002
  0.000000000000000E+000   6.41173762083054      -9.085629257583894E-002
  0.000000000000000E+000   6.71705845991770      -8.580885679123210E-002
  0.000000000000000E+000   7.02237929900487      -8.216970007166956E-002
  0.000000000000000E+000   7.32770013809204      -7.900782310755414E-002
  0.305320839087168       0.000000000000000E+000 -0.625143017472375     
  0.305320839087168       0.305320839087168      -0.546681111914602     
  0.305320839087168       0.610641678174337      -0.498867044308753     
  0.305320839087168       0.915962517261505      -0.445716496674969     
  0.305320839087168        1.22128335634867      -0.392156203094636     
  0.305320839087168        1.52660419543584      -0.346800802933282     
  0.305320839087168        1.83192503452301      -0.310064892117226     
  0.305320839087168        2.13724587361018      -0.280433275259258     
  0.305320839087168        2.44256671269735      -0.256664390422537     
  0.305320839087168        2.74788755178452      -0.237309851396718     
  0.305320839087168        3.05320839087168      -0.220307316072850     
  0.305320839087168        3.35852922995885      -0.203226935354060     
  0.305320839087168        3.66385006904602      -0.185773328856016     
  0.305320839087168        3.96917090813319      -0.170316812498890     
  0.305320839087168        4.27449174722036      -0.156566188561256     
  0.305320839087168        4.57981258630753      -0.143851021770079     
  0.305320839087168        4.88513342539469      -0.132294098097833     
  0.305320839087168        5.19045426448186      -0.122061265575557     
  0.305320839087168        5.49577510356903      -0.113096163071629     
  0.305320839087168        5.80109594265620      -0.105193956780493     
  0.305320839087168        6.10641678174337      -9.823225955848576E-002
  0.305320839087168        6.41173762083054      -9.223645328909884E-002
  0.305320839087168        6.71705845991770      -8.751940262181089E-002
  0.305320839087168        7.02237929900487      -8.401511253994554E-002
  0.305320839087168        7.32770013809204      -7.795810702080783E-002
  0.610641678174337       0.000000000000000E+000 -0.643732080159329     
  0.610641678174337       0.305320839087168      -0.583099255542735     
  0.610641678174337       0.610641678174337      -0.511053470925078     
  0.610641678174337       0.915962517261505      -0.458567649450871     
  0.610641678174337        1.22128335634867      -0.409809014290457     
  0.610641678174337        1.52660419543584      -0.365212393518120     
  0.610641678174337        1.83192503452301      -0.326574663180519     
  0.610641678174337        2.13724587361018      -0.294399767886692     
  0.610641678174337        2.44256671269735      -0.267977815302697     
  0.610641678174337        2.74788755178452      -0.245930872604063     
  0.610641678174337        3.05320839087168      -0.226322355703252     
  0.610641678174337        3.35852922995885      -0.207311989932132     
  0.610641678174337        3.66385006904602      -0.188702578459048     
  0.610641678174337        3.96917090813319      -0.172158237293129     
  0.610641678174337        4.27449174722036      -0.157955234549707     
  0.610641678174337        4.57981258630753      -0.145350074980341     
  0.610641678174337        4.88513342539469      -0.133968808938916     
  0.610641678174337        5.19045426448186      -0.123795506025983     
  0.610641678174337        5.49577510356903      -0.114716195741045     
  0.610641678174337        5.80109594265620      -0.106633628942524     
  0.610641678174337        6.10641678174337      -9.953473925982229E-002
  0.610641678174337        6.41173762083054      -9.349461544619644E-002
  0.610641678174337        6.71705845991770      -8.847310538403522E-002
  0.610641678174337        7.02237929900487      -8.318886186190246E-002
  0.610641678174337        7.32770013809204      -7.674269248381853E-002
  0.915962517261505       0.000000000000000E+000 -0.638197542092465     
  0.915962517261505       0.305320839087168      -0.603759118638751     
  0.915962517261505       0.610641678174337      -0.539338650796306     
  0.915962517261505       0.915962517261505      -0.480064444920424     
  0.915962517261505        1.22128335634867      -0.427688407378627     
  0.915962517261505        1.52660419543584      -0.380669946475713     
  0.915962517261505        1.83192503452301      -0.339530778439342     
  0.915962517261505        2.13724587361018      -0.305289538254900     
  0.915962517261505        2.44256671269735      -0.276535951170638     
  0.915962517261505        2.74788755178452      -0.251937198851848     
  0.915962517261505        3.05320839087168      -0.230263191346652     
  0.915962517261505        3.35852922995885      -0.210033676088208     
  0.915962517261505        3.66385006904602      -0.191010996387715     
  0.915962517261505        3.96917090813319      -0.173976818288693     
  0.915962517261505        4.27449174722036      -0.159288235570952     
  0.915962517261505        4.57981258630753      -0.146544880869075     
  0.915962517261505        4.88513342539469      -0.135222494679277     
  0.915962517261505        5.19045426448186      -0.125060221267944     
  0.915962517261505        5.49577510356903      -0.115903709396248     
  0.915962517261505        5.80109594265620      -0.107660074174209     
  0.915962517261505        6.10641678174337      -0.100326191763763     
  0.915962517261505        6.41173762083054      -9.388027991558820E-002
  0.915962517261505        6.71705845991770      -8.805683199696984E-002
  0.915962517261505        7.02237929900487      -8.219161115555328E-002
  0.915962517261505        7.32770013809204      -7.652998541735320E-002
   1.22128335634867       0.000000000000000E+000 -0.625293184022458     
   1.22128335634867       0.305320839087168      -0.603961261199990     
   1.22128335634867       0.610641678174337      -0.553735620401781     
   1.22128335634867       0.915962517261505      -0.496590767551531     
   1.22128335634867        1.22128335634867      -0.441763967183725     
   1.22128335634867        1.52660419543584      -0.391874408257401     
   1.22128335634867        1.83192503452301      -0.348775619379878     
   1.22128335634867        2.13724587361018      -0.312770924021942     
   1.22128335634867        2.44256671269735      -0.282053939137735     
   1.22128335634867        2.74788755178452      -0.255508484142713     
   1.22128335634867        3.05320839087168      -0.232228057490980     
   1.22128335634867        3.35852922995885      -0.211346117039219     
   1.22128335634867        3.66385006904602      -0.192302693386075     
   1.22128335634867        3.96917090813319      -0.175265333007633     
   1.22128335634867        4.27449174722036      -0.160427975489766     
   1.22128335634867        4.57981258630753      -0.147527992157538     
   1.22128335634867        4.88513342539469      -0.136138435832530     
   1.22128335634867        5.19045426448186      -0.125930042096733     
   1.22128335634867        5.49577510356903      -0.116689507398374     
   1.22128335634867        5.80109594265620      -0.108288713830346     
   1.22128335634867        6.10641678174337      -0.100676488219562     
   1.22128335634867        6.41173762083054      -9.380902511272447E-002
   1.22128335634867        6.71705845991770      -8.751908838255887E-002
   1.22128335634867        7.02237929900487      -8.161778268332519E-002
   1.22128335634867        7.32770013809204      -7.632021128251357E-002
   1.52660419543584       0.000000000000000E+000 -0.609124086623881     
   1.52660419543584       0.305320839087168      -0.593689938637905     
   1.52660419543584       0.610641678174337      -0.553918518471771     
   1.52660419543584       0.915962517261505      -0.502025347467010     
   1.52660419543584        1.22128335634867      -0.447923479086311     
   1.52660419543584        1.52660419543584      -0.397541234997463     
   1.52660419543584        1.83192503452301      -0.354023200787456     
   1.52660419543584        2.13724587361018      -0.316479113840531     
   1.52660419543584        2.44256671269735      -0.284232297807691     
   1.52660419543584        2.74788755178452      -0.256538308121247     
   1.52660419543584        3.05320839087168      -0.232526125391269     
   1.52660419543584        3.35852922995885      -0.211364807026074     
   1.52660419543584        3.66385006904602      -0.192500327774612     
   1.52660419543584        3.96917090813319      -0.175731813445166     
   1.52660419543584        4.27449174722036      -0.160986083921474     
   1.52660419543584        4.57981258630753      -0.148068161699804     
   1.52660419543584        4.88513342539469      -0.136656137212810     
   1.52660419543584        5.19045426448186      -0.126419624956590     
   1.52660419543584        5.49577510356903      -0.117113421497855     
   1.52660419543584        5.80109594265620      -0.108597078988844     
   1.52660419543584        6.10641678174337      -0.100781337828904     
   1.52660419543584        6.41173762083054      -9.363681196964529E-002
   1.52660419543584        6.71705845991770      -8.712637499403696E-002
   1.52660419543584        7.02237929900487      -8.123235709909235E-002
   1.52660419543584        7.32770013809204      -7.604862325006870E-002
   1.83192503452301       0.000000000000000E+000 -0.590458177348376     
   1.83192503452301       0.305320839087168      -0.577970248668871     
   1.83192503452301       0.610641678174337      -0.543588025055628     
   1.83192503452301       0.915962517261505      -0.496498399207920     
   1.83192503452301        1.22128335634867      -0.446391022919743     
   1.83192503452301        1.52660419543584      -0.398366453403410     
   1.83192503452301        1.83192503452301      -0.354541498510394     
   1.83192503452301        2.13724587361018      -0.315946442170802     
   1.83192503452301        2.44256671269735      -0.282842632308078     
   1.83192503452301        2.74788755178452      -0.254785218695645     
   1.83192503452301        3.05320839087168      -0.230854887192792     
   1.83192503452301        3.35852922995885      -0.210053749643961     
   1.83192503452301        3.66385006904602      -0.191650159048371     
   1.83192503452301        3.96917090813319      -0.175278911136719     
   1.83192503452301        4.27449174722036      -0.160787203886720     
   1.83192503452301        4.57981258630753      -0.148014190161310     
   1.83192503452301        4.88513342539469      -0.136694245082486     
   1.83192503452301        5.19045426448186      -0.126510555310532     
   1.83192503452301        5.49577510356903      -0.117203505066314     
   1.83192503452301        5.80109594265620      -0.108629474890473     
   1.83192503452301        6.10641678174337      -0.100734134929264     
   1.83192503452301        6.41173762083054      -9.348836896801460E-002
   1.83192503452301        6.71705845991770      -8.688197811745973E-002
   1.83192503452301        7.02237929900487      -8.097203388788279E-002
   1.83192503452301        7.32770013809204      -7.583373090535432E-002
   2.13724587361018       0.000000000000000E+000 -0.572366023563717     
   2.13724587361018       0.305320839087168      -0.560775505127831     
   2.13724587361018       0.610641678174337      -0.529730554131515     
   2.13724587361018       0.915962517261505      -0.487127878114476     
   2.13724587361018        1.22128335634867      -0.440031684806721     
   2.13724587361018        1.52660419543584      -0.393158228615444     
   2.13724587361018        1.83192503452301      -0.349493207948049     
   2.13724587361018        2.13724587361018      -0.310836437723399     
   2.13724587361018        2.44256671269735      -0.277892916881890     
   2.13724587361018        2.74788755178452      -0.250341316993567     
   2.13724587361018        3.05320839087168      -0.227170017909518     
   2.13724587361018        3.35852922995885      -0.207206551474705     
   2.13724587361018        3.66385006904602      -0.189564615506666     
   2.13724587361018        3.96917090813319      -0.173793661462863     
   2.13724587361018        4.27449174722036      -0.159734787502844     
   2.13724587361018        4.57981258630753      -0.147272821504173     
   2.13724587361018        4.88513342539469      -0.136187839197852     
   2.13724587361018        5.19045426448186      -0.126177617166365     
   2.13724587361018        5.49577510356903      -0.116976013129640     
   2.13724587361018        5.80109594265620      -0.108439600594789     
   2.13724587361018        6.10641678174337      -0.100537733587914     
   2.13724587361018        6.41173762083054      -9.328312735364132E-002
   2.13724587361018        6.71705845991770      -8.669000538918077E-002
   2.13724587361018        7.02237929900487      -8.079989460469794E-002
   2.13724587361018        7.32770013809204      -7.569644521089414E-002
   2.44256671269735       0.000000000000000E+000 -0.571189687269019     
   2.44256671269735       0.305320839087168      -0.557017777181480     
   2.44256671269735       0.610641678174337      -0.520501778660775     
   2.44256671269735       0.915962517261505      -0.474780212830754     
   2.44256671269735        1.22128335634867      -0.427202500199069     
   2.44256671269735        1.52660419543584      -0.381118263368555     
   2.44256671269735        1.83192503452301      -0.338660002130310     
   2.44256671269735        2.13724587361018      -0.301332660625267     
   2.44256671269735        2.44256671269735      -0.269770274662289     
   2.44256671269735        2.74788755178452      -0.243606138583422     
   2.44256671269735        3.05320839087168      -0.221755183890630     
   2.44256671269735        3.35852922995885      -0.202963875398489     
   2.44256671269735        3.66385006904602      -0.186292881088319     
   2.44256671269735        3.96917090813319      -0.171285209972416     
   2.44256671269735        4.27449174722036      -0.157815731757117     
   2.44256671269735        4.57981258630753      -0.145818615601234     
   2.44256671269735        4.88513342539469      -0.135111288430828     
   2.44256671269735        5.19045426448186      -0.125405415246324     
   2.44256671269735        5.49577510356903      -0.116435308604737     
   2.44256671269735        5.80109594265620      -0.108060836572581     
   2.44256671269735        6.10641678174337      -0.100260468385081     
   2.44256671269735        6.41173762083054      -9.304429025139448E-002
   2.44256671269735        6.71705845991770      -8.639913007352518E-002
   2.44256671269735        7.02237929900487      -8.038630515929966E-002
   2.44256671269735        7.32770013809204      -7.527357172932493E-002
   2.74788755178452       0.000000000000000E+000 -0.572651202366146     
   2.74788755178452       0.305320839087168      -0.555444321656462     
   2.74788755178452       0.610641678174337      -0.511962430749036     
   2.74788755178452       0.915962517261505      -0.458374164967129     
   2.74788755178452        1.22128335634867      -0.407857318110986     
   2.74788755178452        1.52660419543584      -0.362918958620192     
   2.74788755178452        1.83192503452301      -0.322955167487479     
   2.74788755178452        2.13724587361018      -0.288331238498030     
   2.74788755178452        2.44256671269735      -0.259236915251750     
   2.74788755178452        2.74788755178452      -0.235163528212321     
   2.74788755178452        3.05320839087168      -0.215016895499391     
   2.74788755178452        3.35852922995885      -0.197589080395015     
   2.74788755178452        3.66385006904602      -0.182003531174268     
   2.74788755178452        3.96917090813319      -0.167866219604067     
   2.74788755178452        4.27449174722036      -0.155106376491309     
   2.74788755178452        4.57981258630753      -0.143698384228566     
   2.74788755178452        4.88513342539469      -0.133484704936803     
   2.74788755178452        5.19045426448186      -0.124192055140029     
   2.74788755178452        5.49577510356903      -0.115567473733942     
   2.74788755178452        5.80109594265620      -0.107484510248240     
   2.74788755178452        6.10641678174337      -9.992537465176927E-002
   2.74788755178452        6.41173762083054      -9.284745953092448E-002
   2.74788755178452        6.71705845991770      -8.615232594562623E-002
   2.74788755178452        7.02237929900487      -8.002629746153811E-002
   2.74788755178452        7.32770013809204      -7.492380225201921E-002
   3.05320839087168       0.000000000000000E+000 -0.560747093848145     
   3.05320839087168       0.305320839087168      -0.539703373565632     
   3.05320839087168       0.610641678174337      -0.490396082933292     
   3.05320839087168       0.915962517261505      -0.434627803262751     
   3.05320839087168        1.22128335634867      -0.383300490456617     
   3.05320839087168        1.52660419543584      -0.340559933028346     
   3.05320839087168        1.83192503452301      -0.304194642230137     
   3.05320839087168        2.13724587361018      -0.273197392385847     
   3.05320839087168        2.44256671269735      -0.247215539738987     
   3.05320839087168        2.74788755178452      -0.225600928071755     
   3.05320839087168        3.05320839087168      -0.207327882981100     
   3.05320839087168        3.35852922995885      -0.191336543220496     
   3.05320839087168        3.66385006904602      -0.176892834533289     
   3.05320839087168        3.96917090813319      -0.163700661577590     
   3.05320839087168        4.27449174722036      -0.151740556553050     
   3.05320839087168        4.57981258630753      -0.141008273597356     
   3.05320839087168        4.88513342539469      -0.131359893668802     
   3.05320839087168        5.19045426448186      -0.122543669618793     
   3.05320839087168        5.49577510356903      -0.114337977503761     
   3.05320839087168        5.80109594265620      -0.106651148590978     
   3.05320839087168        6.10641678174337      -9.949524914521324E-002
   3.05320839087168        6.41173762083054      -9.280084679566222E-002
   3.05320839087168        6.71705845991770      -8.634362203774755E-002
   3.05320839087168        7.02237929900487      -8.016540311241759E-002
   3.05320839087168        7.32770013809204      -7.502748352401416E-002
   3.35852922995885       0.000000000000000E+000 -0.522620211111543     
   3.35852922995885       0.305320839087168      -0.501453921711832     
   3.35852922995885       0.610641678174337      -0.454245845900344     
   3.35852922995885       0.915962517261505      -0.402232264898025     
   3.35852922995885        1.22128335634867      -0.355256419414137     
   3.35852922995885        1.52660419543584      -0.316389363302423     
   3.35852922995885        1.83192503452301      -0.284287061791632     
   3.35852922995885        2.13724587361018      -0.257220196996905     
   3.35852922995885        2.44256671269735      -0.234478875541257     
   3.35852922995885        2.74788755178452      -0.215356301766601     
   3.35852922995885        3.05320839087168      -0.198954357306007     
   3.35852922995885        3.35852922995885      -0.184406661842300     
   3.35852922995885        3.66385006904602      -0.171143395428930     
   3.35852922995885        3.96917090813319      -0.158960484165857     
   3.35852922995885        4.27449174722036      -0.147866413878420     
   3.35852922995885        4.57981258630753      -0.137857356709455     
   3.35852922995885        4.88513342539469      -0.128798305794952     
   3.35852922995885        5.19045426448186      -0.120470615383380     
   3.35852922995885        5.49577510356903      -0.112702641433606     
   3.35852922995885        5.80109594265620      -0.105458501721866     
   3.35852922995885        6.10641678174337      -9.883055297634143E-002
   3.35852922995885        6.41173762083054      -9.273833443081297E-002
   3.35852922995885        6.71705845991770      -8.685873034155286E-002
   3.35852922995885        7.02237929900487      -8.096083471472518E-002
   3.35852922995885        7.32770013809204      -7.582431871554512E-002
   3.66385006904602       0.000000000000000E+000 -0.463552126113704     
   3.66385006904602       0.305320839087168      -0.449238248772503     
   3.66385006904602       0.610641678174337      -0.411249700393006     
   3.66385006904602       0.915962517261505      -0.366657335000646     
   3.66385006904602        1.22128335634867      -0.325938984915903     
   3.66385006904602        1.52660419543584      -0.292140758119698     
   3.66385006904602        1.83192503452301      -0.264457649946793     
   3.66385006904602        2.13724587361018      -0.241166618859912     
   3.66385006904602        2.44256671269735      -0.221468234994304     
   3.66385006904602        2.74788755178452      -0.204691600226049     
   3.66385006904602        3.05320839087168      -0.190088646737453     
   3.66385006904602        3.35852922995885      -0.176977948743592     
   3.66385006904602        3.66385006904602      -0.164931441677973     
   3.66385006904602        3.96917090813319      -0.153807780099061     
   3.66385006904602        4.27449174722036      -0.143616554078626     
   3.66385006904602        4.57981258630753      -0.134340737092408     
   3.66385006904602        4.88513342539469      -0.125857258109486     
   3.66385006904602        5.19045426448186      -0.117992733973957     
   3.66385006904602        5.49577510356903      -0.110634849701523     
   3.66385006904602        5.80109594265620      -0.103800936207650     
   3.66385006904602        6.10641678174337      -9.764111545283577E-002
   3.66385006904602        6.41173762083054      -9.207645931554193E-002
   3.66385006904602        6.71705845991770      -8.680849920317305E-002
   3.66385006904602        7.02237929900487      -8.155778216884424E-002
   3.66385006904602        7.32770013809204      -7.712887994724246E-002
   3.96917090813319       0.000000000000000E+000 -0.422360869315449     
   3.96917090813319       0.305320839087168      -0.405515809251567     
   3.96917090813319       0.610641678174337      -0.369923161946827     
   3.96917090813319       0.915962517261505      -0.331321585748031     
   3.96917090813319        1.22128335634867      -0.296821500180948     
   3.96917090813319        1.52660419543584      -0.268403947355434     
   3.96917090813319        1.83192503452301      -0.245032487899308     
   3.96917090813319        2.13724587361018      -0.225251607065550     
   3.96917090813319        2.44256671269735      -0.208365945886973     
   3.96917090813319        2.74788755178452      -0.193798615039761     
   3.96917090813319        3.05320839087168      -0.180942000578937     
   3.96917090813319        3.35852922995885      -0.169266582095425     
   3.96917090813319        3.66385006904602      -0.158452623868027     
   3.96917090813319        3.96917090813319      -0.148397237548852     
   3.96917090813319        4.27449174722036      -0.139099695859299     
   3.96917090813319        4.57981258630753      -0.130530647754812     
   3.96917090813319        4.88513342539469      -0.122587436569095     
   3.96917090813319        5.19045426448186      -0.115148756115665     
   3.96917090813319        5.49577510356903      -0.108157560058125     
   3.96917090813319        5.80109594265620      -0.101657301318094     
   3.96917090813319        6.10641678174337      -9.577136117682715E-002
   3.96917090813319        6.41173762083054      -9.042309168402145E-002
   3.96917090813319        6.71705845991770      -8.526140344380878E-002
   3.96917090813319        7.02237929900487      -7.991154557580492E-002
   3.96917090813319        7.32770013809204      -7.481429181988121E-002
   4.27449174722036       0.000000000000000E+000 -0.365368363179268     
   4.27449174722036       0.305320839087168      -0.352979461966153     
   4.27449174722036       0.610641678174337      -0.325324739837706     
   4.27449174722036       0.915962517261505      -0.294993855977576     
   4.27449174722036        1.22128335634867      -0.267667639071095     
   4.27449174722036        1.52660419543584      -0.245006733218788     
   4.27449174722036        1.83192503452301      -0.225895541032564     
   4.27449174722036        2.13724587361018      -0.209502431874795     
   4.27449174722036        2.44256671269735      -0.195338294911341     
   4.27449174722036        2.74788755178452      -0.182935033940428     
   4.27449174722036        3.05320839087168      -0.171803933279804     
   4.27449174722036        3.35852922995885      -0.161540691602390     
   4.27449174722036        3.66385006904602      -0.151917751850380     
   4.27449174722036        3.96917090813319      -0.142870408591199     
   4.27449174722036        4.27449174722036      -0.134399450686823     
   4.27449174722036        4.57981258630753      -0.126478656065861     
   4.27449174722036        4.88513342539469      -0.119035277552593     
   4.27449174722036        5.19045426448186      -0.111997916959185     
   4.27449174722036        5.49577510356903      -0.105350672613894     
   4.27449174722036        5.80109594265620      -9.913866730708973E-002
   4.27449174722036        6.10641678174337      -9.341615400291936E-002
   4.27449174722036        6.41173762083054      -8.811186408177404E-002
   4.27449174722036        6.71705845991770      -8.292314486203221E-002
   4.27449174722036        7.02237929900487      -7.770490737624978E-002
   4.27449174722036        7.32770013809204      -7.296905499487132E-002
   4.57981258630753       0.000000000000000E+000 -0.302835946147289     
   4.57981258630753       0.305320839087168      -0.295722471272493     
   4.57981258630753       0.610641678174337      -0.278634984287732     
   4.57981258630753       0.915962517261505      -0.258291914058644     
   4.57981258630753        1.22128335634867      -0.239045282484461     
   4.57981258630753        1.52660419543584      -0.222066055559719     
   4.57981258630753        1.83192503452301      -0.207190266271022     
   4.57981258630753        2.13724587361018      -0.194174599833882     
   4.57981258630753        2.44256671269735      -0.182722216219128     
   4.57981258630753        2.74788755178452      -0.172458502188616     
   4.57981258630753        3.05320839087168      -0.162998159975535     
   4.57981258630753        3.35852922995885      -0.154054958220217     
   4.57981258630753        3.66385006904602      -0.145500365755874     
   4.57981258630753        3.96917090813319      -0.137328888918301     
   4.57981258630753        4.27449174722036      -0.129570148069637     
   4.57981258630753        4.57981258630753      -0.122221967950294     
   4.57981258630753        4.88513342539469      -0.115246334477774     
   4.57981258630753        5.19045426448186      -0.108610229453198     
   4.57981258630753        5.49577510356903      -0.102319712786607     
   4.57981258630753        5.80109594265620      -9.641010802680014E-002
   4.57981258630753        6.10641678174337      -9.089616933925287E-002
   4.57981258630753        6.41173762083054      -8.570740421283460E-002
   4.57981258630753        6.71705845991770      -8.068661554661551E-002
   4.57981258630753        7.02237929900487      -7.585351786659122E-002
   4.57981258630753        7.32770013809204      -7.153439816674648E-002
   4.88513342539469       0.000000000000000E+000 -0.250059556889253     
   4.88513342539469       0.305320839087168      -0.246400515512825     
   4.88513342539469       0.610641678174337      -0.237072630783528     
   4.88513342539469       0.915962517261505      -0.224979939216134     
   4.88513342539469        1.22128335634867      -0.212404374119255     
   4.88513342539469        1.52660419543584      -0.200478758864998     
   4.88513342539469        1.83192503452301      -0.189613938879646     
   4.88513342539469        2.13724587361018      -0.179843633244945     
   4.88513342539469        2.44256671269735      -0.170976325529392     
   4.88513342539469        2.74788755178452      -0.162708655490806     
   4.88513342539469        3.05320839087168      -0.154754202128610     
   4.88513342539469        3.35852922995885      -0.146948330857568     
   4.88513342539469        3.66385006904602      -0.139274910730213     
   4.88513342539469        3.96917090813319      -0.131810459762260     
   4.88513342539469        4.27449174722036      -0.124637789242706     
   4.88513342539469        4.57981258630753      -0.117792685163980     
   4.88513342539469        4.88513342539469      -0.111268458450103     
   4.88513342539469        5.19045426448186      -0.105053087881887     
   4.88513342539469        5.49577510356903      -9.915472376177158E-002
   4.88513342539469        5.80109594265620      -9.359179250123541E-002
   4.88513342539469        6.10641678174337      -8.836156190846423E-002
   4.88513342539469        6.41173762083054      -8.342066684532670E-002
   4.88513342539469        6.71705845991770      -7.871054346790360E-002
   4.88513342539469        7.02237929900487      -7.425605564294753E-002
   4.88513342539469        7.32770013809204      -7.025090607436339E-002
   5.19045426448186       0.000000000000000E+000 -0.210587346912891     
   5.19045426448186       0.305320839087168      -0.208785554063758     
   5.19045426448186       0.610641678174337      -0.203921932285743     
   5.19045426448186       0.915962517261505      -0.197057327262657     
   5.19045426448186        1.22128335634867      -0.189313692162649     
   5.19045426448186        1.52660419543584      -0.181511745612977     
   5.19045426448186        1.83192503452301      -0.174080069254759     
   5.19045426448186        2.13724587361018      -0.167103950142566     
   5.19045426448186        2.44256671269735      -0.160433770624519     
   5.19045426448186        2.74788755178452      -0.153828627137488     
   5.19045426448186        3.05320839087168      -0.147098877105475     
   5.19045426448186        3.35852922995885      -0.140194865868873     
   5.19045426448186        3.66385006904602      -0.133208487776339     
   5.19045426448186        3.96917090813319      -0.126301764593320     
   5.19045426448186        4.27449174722036      -0.119617692640858     
   5.19045426448186        4.57981258630753      -0.113230765313590     
   5.19045426448186        4.88513342539469      -0.107155448130183     
   5.19045426448186        5.19045426448186      -0.101383807187964     
   5.19045426448186        5.49577510356903      -9.591137320260527E-002
   5.19045426448186        5.80109594265620      -9.073497868309634E-002
   5.19045426448186        6.10641678174337      -8.583878115367945E-002
   5.19045426448186        6.41173762083054      -8.119538102365539E-002
   5.19045426448186        6.71705845991770      -7.679367677680231E-002
   5.19045426448186        7.02237929900487      -7.267661748692750E-002
   5.19045426448186        7.32770013809204      -6.893731408779651E-002
   5.49577510356903       0.000000000000000E+000 -0.181496965792403     
   5.49577510356903       0.305320839087168      -0.180654936869099     
   5.49577510356903       0.610641678174337      -0.178433710054556     
   5.49577510356903       0.915962517261505      -0.175079753755125     
   5.49577510356903        1.22128335634867      -0.170794532253131     
   5.49577510356903        1.52660419543584      -0.166015195574726     
   5.49577510356903        1.83192503452301      -0.161106441945846     
   5.49577510356903        2.13724587361018      -0.156165482024585     
   5.49577510356903        2.44256671269735      -0.151085618919895     
   5.49577510356903        2.74788755178452      -0.145693160177232     
   5.49577510356903        3.05320839087168      -0.139878628684650     
   5.49577510356903        3.35852922995885      -0.133670497562158     
   5.49577510356903        3.66385006904602      -0.127231944138479     
   5.49577510356903        3.96917090813319      -0.120790832949703     
   5.49577510356903        4.27449174722036      -0.114543425363623     
   5.49577510356903        4.57981258630753      -0.108595116291604     
   5.49577510356903        4.88513342539469      -0.102969132584211     
   5.49577510356903        5.19045426448186      -9.765029278457200E-002
   5.49577510356903        5.49577510356903      -9.261648210170305E-002
   5.49577510356903        5.80109594265620      -8.784455308490824E-002
   5.49577510356903        6.10641678174337      -8.330716487972475E-002
   5.49577510356903        6.41173762083054      -7.897972042204016E-002
   5.49577510356903        6.71705845991770      -7.486451536338257E-002
   5.49577510356903        7.02237929900487      -7.100794832334503E-002
   5.49577510356903        7.32770013809204      -6.748467859050930E-002
   5.80109594265620       0.000000000000000E+000 -0.163151731980048     
   5.80109594265620       0.305320839087168      -0.162562690479268     
   5.80109594265620       0.610641678174337      -0.161094082624395     
   5.80109594265620       0.915962517261505      -0.159174710769001     
   5.80109594265620        1.22128335634867      -0.156812694946672     
   5.80109594265620        1.52660419543584      -0.153902928803963     
   5.80109594265620        1.83192503452301      -0.150475384927993     
   5.80109594265620        2.13724587361018      -0.146719868700279     
   5.80109594265620        2.44256671269735      -0.142610164116249     
   5.80109594265620        2.74788755178452      -0.138040171567339     
   5.80109594265620        3.05320839087168      -0.132934639272188     
   5.80109594265620        3.35852922995885      -0.127318296836954     
   5.80109594265620        3.66385006904602      -0.121355298442978     
   5.80109594265620        3.96917090813319      -0.115323191831149     
   5.80109594265620        4.27449174722036      -0.109482718830641     
   5.80109594265620        4.57981258630753      -0.103962923942291     
   5.80109594265620        4.88513342539469      -9.877744969426058E-002
   5.80109594265620        5.19045426448186      -9.389625732272354E-002
   5.80109594265620        5.49577510356903      -8.928434107439966E-002
   5.80109594265620        5.80109594265620      -8.490828330955999E-002
   5.80109594265620        6.10641678174337      -8.073572036705690E-002
   5.80109594265620        6.41173762083054      -7.675402930443402E-002
   5.80109594265620        6.71705845991770      -7.293807206817790E-002
   5.80109594265620        7.02237929900487      -6.929170215109391E-002
   5.80109594265620        7.32770013809204      -6.592558056269228E-002
   6.10641678174337       0.000000000000000E+000 -0.154887265532124     
   6.10641678174337       0.305320839087168      -0.153576040289064     
   6.10641678174337       0.610641678174337      -0.151079379763645     
   6.10641678174337       0.915962517261505      -0.148840596259845     
   6.10641678174337        1.22128335634867      -0.146720729721664     
   6.10641678174337        1.52660419543584      -0.144297437932091     
   6.10641678174337        1.83192503452301      -0.141433900585044     
   6.10641678174337        2.13724587361018      -0.138189793870499     
   6.10641678174337        2.44256671269735      -0.134636759716333     
   6.10641678174337        2.74788755178452      -0.130722472382345     
   6.10641678174337        3.05320839087168      -0.126333303625921     
   6.10641678174337        3.35852922995885      -0.121331196820391     
   6.10641678174337        3.66385006904602      -0.115748267089173     
   6.10641678174337        3.96917090813319      -0.109994956791441     
   6.10641678174337        4.27449174722036      -0.104505067293959     
   6.10641678174337        4.57981258630753      -9.940921746482859E-002
   6.10641678174337        4.88513342539469      -9.464832275399306E-002
   6.10641678174337        5.19045426448186      -9.016679458930391E-002
   6.10641678174337        5.49577510356903      -8.593165215060811E-002
   6.10641678174337        5.80109594265620      -8.191656930163486E-002
   6.10641678174337        6.10641678174337      -7.812289853691931E-002
   6.10641678174337        6.41173762083054      -7.452572997050512E-002
   6.10641678174337        6.71705845991770      -7.100324048952715E-002
   6.10641678174337        7.02237929900487      -6.744676081555175E-002
   6.10641678174337        7.32770013809204      -6.411051988946216E-002
   6.41173762083054       0.000000000000000E+000 -0.155242842382957     
   6.41173762083054       0.305320839087168      -0.151356582270203     
   6.41173762083054       0.610641678174337      -0.145528876156970     
   6.41173762083054       0.915962517261505      -0.141895079128416     
   6.41173762083054        1.22128335634867      -0.139109663129440     
   6.41173762083054        1.52660419543584      -0.136230791080883     
   6.41173762083054        1.83192503452301      -0.133221529563118     
   6.41173762083054        2.13724587361018      -0.130127036907156     
   6.41173762083054        2.44256671269735      -0.127004256744397     
   6.41173762083054        2.74788755178452      -0.123862795273804     
   6.41173762083054        3.05320839087168      -0.120359975311097     
   6.41173762083054        3.35852922995885      -0.115886984823028     
   6.41173762083054        3.66385006904602      -0.110457863062581     
   6.41173762083054        3.96917090813319      -0.104812338519048     
   6.41173762083054        4.27449174722036      -9.962495062485022E-002
   6.41173762083054        4.57981258630753      -9.498092980719330E-002
   6.41173762083054        4.88513342539469      -9.064876119585934E-002
   6.41173762083054        5.19045426448186      -8.651313478004304E-002
   6.41173762083054        5.49577510356903      -8.258478311755962E-002
   6.41173762083054        5.80109594265620      -7.887856240285815E-002
   6.41173762083054        6.10641678174337      -7.543514024565121E-002
   6.41173762083054        6.41173762083054      -7.223753548813208E-002
   6.41173762083054        6.71705845991770      -6.906917054466558E-002
   6.41173762083054        7.02237929900487      -6.545364107445287E-002
   6.41173762083054        7.32770013809204      -6.184219658819514E-002
   6.71705845991770       0.000000000000000E+000 -0.159466778641942     
   6.71705845991770       0.305320839087168      -0.149747153310177     
   6.71705845991770       0.610641678174337      -0.140370770832564     
   6.71705845991770       0.915962517261505      -0.136346803861645     
   6.71705845991770        1.22128335634867      -0.132759327582850     
   6.71705845991770        1.52660419543584      -0.128978857904306     
   6.71705845991770        1.83192503452301      -0.125464500742538     
   6.71705845991770        2.13724587361018      -0.122409167006937     
   6.71705845991770        2.44256671269735      -0.119755810481577     
   6.71705845991770        2.74788755178452      -0.117479262799804     
   6.71705845991770        3.05320839087168      -0.114814940013414     
   6.71705845991770        3.35852922995885      -0.110905840910982     
   6.71705845991770        3.66385006904602      -0.105495832717888     
   6.71705845991770        3.96917090813319      -9.990856967347421E-002
   6.71705845991770        4.27449174722036      -9.510781026150798E-002
   6.71705845991770        4.57981258630753      -9.084991718717246E-002
   6.71705845991770        4.88513342539469      -8.686677537121570E-002
   6.71705845991770        5.19045426448186      -8.299431729915398E-002
   6.71705845991770        5.49577510356903      -7.928356868111450E-002
   6.71705845991770        5.80109594265620      -7.580325207655433E-002
   6.71705845991770        6.10641678174337      -7.259131314242739E-002
   6.71705845991770        6.41173762083054      -6.969524373206415E-002
   6.71705845991770        6.71705845991770      -6.704346467786826E-002
   6.71705845991770        7.02237929900487      -6.364628485281112E-002
   6.71705845991770        7.32770013809204      -5.928283133254392E-002
   7.02237929900487       0.000000000000000E+000 -0.151739934462880     
   7.02237929900487       0.305320839087168      -0.140584359554009     
   7.02237929900487       0.610641678174337      -0.135193942374354     
   7.02237929900487       0.915962517261505      -0.131749678061501     
   7.02237929900487        1.22128335634867      -0.126929180739414     
   7.02237929900487        1.52660419543584      -0.122113357203641     
   7.02237929900487        1.83192503452301      -0.118124590806386     
   7.02237929900487        2.13724587361018      -0.115110758829462     
   7.02237929900487        2.44256671269735      -0.112876267585491     
   7.02237929900487        2.74788755178452      -0.111172261503113     
   7.02237929900487        3.05320839087168      -0.109289123814982     
   7.02237929900487        3.35852922995885      -0.106116071269443     
   7.02237929900487        3.66385006904602      -0.101035649334625     
   7.02237929900487        3.96917090813319      -9.581897220477496E-002
   7.02237929900487        4.27449174722036      -9.143317826231150E-002
   7.02237929900487        4.57981258630753      -8.734027301993195E-002
   7.02237929900487        4.88513342539469      -8.341672423490286E-002
   7.02237929900487        5.19045426448186      -7.965949405802739E-002
   7.02237929900487        5.49577510356903      -7.608336830515501E-002
   7.02237929900487        5.80109594265620      -7.274512855468952E-002
   7.02237929900487        6.10641678174337      -6.961309403632861E-002
   7.02237929900487        6.41173762083054      -6.669402309337329E-002
   7.02237929900487        6.71705845991770      -6.421616102836167E-002
   7.02237929900487        7.02237929900487      -6.232877638140403E-002
   7.02237929900487        7.32770013809204      -5.841061561699949E-002
   7.32770013809204       0.000000000000000E+000 -0.132950649838114     
   7.32770013809204       0.305320839087168      -0.137230904370882     
   7.32770013809204       0.610641678174337      -0.132950556930745     
   7.32770013809204       0.915962517261505      -0.126693971998427     
   7.32770013809204        1.22128335634867      -0.120451622616817     
   7.32770013809204        1.52660419543584      -0.115170699699785     
   7.32770013809204        1.83192503452301      -0.111136745002037     
   7.32770013809204        2.13724587361018      -0.108266283389134     
   7.32770013809204        2.44256671269735      -0.106213033530402     
   7.32770013809204        2.74788755178452      -0.104685016405193     
   7.32770013809204        3.05320839087168      -0.103098840638727     
   7.32770013809204        3.35852922995885      -0.100423666107701     
   7.32770013809204        3.66385006904602      -9.696689915687520E-002
   7.32770013809204        3.96917090813319      -9.286688135421106E-002
   7.32770013809204        4.27449174722036      -8.857744979135175E-002
   7.32770013809204        4.57981258630753      -8.430253079850256E-002
   7.32770013809204        4.88513342539469      -8.025337829072882E-002
   7.32770013809204        5.19045426448186      -7.649753408752057E-002
   7.32770013809204        5.49577510356903      -7.302467899655830E-002
   7.32770013809204        5.80109594265620      -6.981545668268976E-002
   7.32770013809204        6.10641678174337      -6.680763328094250E-002
   7.32770013809204        6.41173762083054      -6.394242062268879E-002
   7.32770013809204        6.71705845991770      -6.131944993519584E-002
   7.32770013809204        7.02237929900487      -5.976134864426876E-002
   7.32770013809204        7.32770013809204      -5.841985139627430E-002
