  0.000000000000000E+000  0.000000000000000E+000 -0.232186080362909     
  0.000000000000000E+000  0.305320839087168      -0.239150744020674     
  0.000000000000000E+000  0.610641678174337      -0.230773328705386     
  0.000000000000000E+000  0.915962517261505      -0.217649144721122     
  0.000000000000000E+000   1.22128335634867      -0.204151771991939     
  0.000000000000000E+000   1.52660419543584      -0.192042024443328     
  0.000000000000000E+000   1.83192503452301      -0.181832328850504     
  0.000000000000000E+000   2.13724587361018      -0.173449139306806     
  0.000000000000000E+000   2.44256671269735      -0.166495211905318     
  0.000000000000000E+000   2.74788755178452      -0.160632178625709     
  0.000000000000000E+000   3.05320839087168      -0.154930727237927     
  0.000000000000000E+000   3.35852922995885      -0.147745588464962     
  0.000000000000000E+000   3.66385006904602      -0.139484110186754     
  0.000000000000000E+000   3.96917090813319      -0.132166608478715     
  0.000000000000000E+000   4.27449174722036      -0.124569390057141     
  0.000000000000000E+000   4.57981258630753      -0.116710704561593     
  0.000000000000000E+000   4.88513342539469      -0.109268724028659     
  0.000000000000000E+000   5.19045426448186      -0.102618303136616     
  0.000000000000000E+000   5.49577510356903      -9.689439575212942E-002
  0.000000000000000E+000   5.80109594265620      -9.196099266956029E-002
  0.000000000000000E+000   6.10641678174337      -8.782003581807002E-002
  0.000000000000000E+000   6.41173762083054      -8.454737313067702E-002
  0.000000000000000E+000   6.71705845991770      -8.210542466198952E-002
  0.000000000000000E+000   7.02237929900487      -7.970720836557518E-002
  0.000000000000000E+000   7.32770013809204      -7.658527929183510E-002
  0.305320839087168       0.000000000000000E+000 -0.271493480723265     
  0.305320839087168       0.305320839087168      -0.252158892527536     
  0.305320839087168       0.610641678174337      -0.240934916245809     
  0.305320839087168       0.915962517261505      -0.231839970868078     
  0.305320839087168        1.22128335634867      -0.219880056000356     
  0.305320839087168        1.52660419543584      -0.207687971617135     
  0.305320839087168        1.83192503452301      -0.196680594865639     
  0.305320839087168        2.13724587361018      -0.187102960338699     
  0.305320839087168        2.44256671269735      -0.178889831847307     
  0.305320839087168        2.74788755178452      -0.171871126011033     
  0.305320839087168        3.05320839087168      -0.164947989464525     
  0.305320839087168        3.35852922995885      -0.156198849243444     
  0.305320839087168        3.66385006904602      -0.144633268140921     
  0.305320839087168        3.96917090813319      -0.134357173184280     
  0.305320839087168        4.27449174722036      -0.126566404621480     
  0.305320839087168        4.57981258630753      -0.119311541632527     
  0.305320839087168        4.88513342539469      -0.112296464386654     
  0.305320839087168        5.19045426448186      -0.105734302346646     
  0.305320839087168        5.49577510356903      -9.984413029755346E-002
  0.305320839087168        5.80109594265620      -9.463891589361491E-002
  0.305320839087168        6.10641678174337      -9.012270325950961E-002
  0.305320839087168        6.41173762083054      -8.631534974249076E-002
  0.305320839087168        6.71705845991770      -8.321655502036053E-002
  0.305320839087168        7.02237929900487      -8.076430901736860E-002
  0.305320839087168        7.32770013809204      -7.684325955255490E-002
  0.610641678174337       0.000000000000000E+000 -0.295293025299282     
  0.610641678174337       0.305320839087168      -0.277850394439682     
  0.610641678174337       0.610641678174337      -0.258762428815541     
  0.610641678174337       0.915962517261505      -0.247139594934074     
  0.610641678174337        1.22128335634867      -0.235593542781985     
  0.610641678174337        1.52660419543584      -0.223567170484710     
  0.610641678174337        1.83192503452301      -0.211962644298897     
  0.610641678174337        2.13724587361018      -0.201172167243933     
  0.610641678174337        2.44256671269735      -0.191327148491057     
  0.610641678174337        2.74788755178452      -0.182433643835821     
  0.610641678174337        3.05320839087168      -0.173403886091900     
  0.610641678174337        3.35852922995885      -0.162719744958393     
  0.610641678174337        3.66385006904602      -0.150227665378280     
  0.610641678174337        3.96917090813319      -0.138847656378016     
  0.610641678174337        4.27449174722036      -0.130013003396040     
  0.610641678174337        4.57981258630753      -0.122515681680255     
  0.610641678174337        4.88513342539469      -0.115546678876351     
  0.610641678174337        5.19045426448186      -0.108870132439187     
  0.610641678174337        5.49577510356903      -0.102752832266521     
  0.610641678174337        5.80109594265620      -9.726476336616630E-002
  0.610641678174337        6.10641678174337      -9.243967282513467E-002
  0.610641678174337        6.41173762083054      -8.832586188947128E-002
  0.610641678174337        6.71705845991770      -8.488772192630535E-002
  0.610641678174337        7.02237929900487      -8.140136380011589E-002
  0.610641678174337        7.32770013809204      -7.658505854342609E-002
  0.915962517261505       0.000000000000000E+000 -0.304090623966142     
  0.915962517261505       0.305320839087168      -0.295648918937906     
  0.915962517261505       0.610641678174337      -0.280589723642468     
  0.915962517261505       0.915962517261505      -0.267043946011611     
  0.915962517261505        1.22128335634867      -0.254017799636553     
  0.915962517261505        1.52660419543584      -0.240829932477274     
  0.915962517261505        1.83192503452301      -0.227842168854949     
  0.915962517261505        2.13724587361018      -0.215450857175974     
  0.915962517261505        2.44256671269735      -0.203771295612699     
  0.915962517261505        2.74788755178452      -0.192644893056418     
  0.915962517261505        3.05320839087168      -0.181537420459891     
  0.915962517261505        3.35852922995885      -0.169516498655220     
  0.915962517261505        3.66385006904602      -0.156797593823763     
  0.915962517261505        3.96917090813319      -0.144966461024212     
  0.915962517261505        4.27449174722036      -0.135075494008428     
  0.915962517261505        4.57981258630753      -0.126781306958521     
  0.915962517261505        4.88513342539469      -0.119230925698969     
  0.915962517261505        5.19045426448186      -0.112133434254095     
  0.915962517261505        5.49577510356903      -0.105628979879466     
  0.915962517261505        5.80109594265620      -9.978621964807632E-002
  0.915962517261505        6.10641678174337      -9.458515929853910E-002
  0.915962517261505        6.41173762083054      -9.004518230137376E-002
  0.915962517261505        6.71705845991770      -8.599628441727983E-002
  0.915962517261505        7.02237929900487      -8.185781765703490E-002
  0.915962517261505        7.32770013809204      -7.731450399622322E-002
   1.22128335634867       0.000000000000000E+000 -0.327415281236743     
   1.22128335634867       0.305320839087168      -0.322271814476752     
   1.22128335634867       0.610641678174337      -0.310021424066306     
   1.22128335634867       0.915962517261505      -0.294813989039353     
   1.22128335634867        1.22128335634867      -0.278396670281939     
   1.22128335634867        1.52660419543584      -0.261666354138071     
   1.22128335634867        1.83192503452301      -0.245389914476829     
   1.22128335634867        2.13724587361018      -0.230213440189524     
   1.22128335634867        2.44256671269735      -0.216229327217696     
   1.22128335634867        2.74788755178452      -0.202937221664550     
   1.22128335634867        3.05320839087168      -0.189816927086169     
   1.22128335634867        3.35852922995885      -0.176583802867050     
   1.22128335634867        3.66385006904602      -0.163415064898531     
   1.22128335634867        3.96917090813319      -0.151163465028105     
   1.22128335634867        4.27449174722036      -0.140520791461814     
   1.22128335634867        4.57981258630753      -0.131327706253523     
   1.22128335634867        4.88513342539469      -0.123066134241988     
   1.22128335634867        5.19045426448186      -0.115446341131235     
   1.22128335634867        5.49577510356903      -0.108435857662249     
   1.22128335634867        5.80109594265620      -0.102101318880375     
   1.22128335634867        6.10641678174337      -9.640926594887676E-002
   1.22128335634867        6.41173762083054      -9.131613307606301E-002
   1.22128335634867        6.71705845991770      -8.666369768415895E-002
   1.22128335634867        7.02237929900487      -8.215302600913285E-002
   1.22128335634867        7.32770013809204      -7.768351861709952E-002
   1.52660419543584       0.000000000000000E+000 -0.377805705599328     
   1.52660419543584       0.305320839087168      -0.372361964330360     
   1.52660419543584       0.610641678174337      -0.357597911603957     
   1.52660419543584       0.915962517261505      -0.336847254611128     
   1.52660419543584        1.22128335634867      -0.313201705436000     
   1.52660419543584        1.52660419543584      -0.289030510086493     
   1.52660419543584        1.83192503452301      -0.266192284228003     
   1.52660419543584        2.13724587361018      -0.246169373322703     
   1.52660419543584        2.44256671269735      -0.228805283129518     
   1.52660419543584        2.74788755178452      -0.213141873951463     
   1.52660419543584        3.05320839087168      -0.198240141374990     
   1.52660419543584        3.35852922995885      -0.183687863692463     
   1.52660419543584        3.66385006904602      -0.169698001975026     
   1.52660419543584        3.96917090813319      -0.156833461317331     
   1.52660419543584        4.27449174722036      -0.145495866772366     
   1.52660419543584        4.57981258630753      -0.135606471634073     
   1.52660419543584        4.88513342539469      -0.126773455818887     
   1.52660419543584        5.19045426448186      -0.118644686056375     
   1.52660419543584        5.49577510356903      -0.111089518407093     
   1.52660419543584        5.80109594265620      -0.104149036649497     
   1.52660419543584        6.10641678174337      -9.787302214038444E-002
   1.52660419543584        6.41173762083054      -9.219431291531385E-002
   1.52660419543584        6.71705845991770      -8.699930556818236E-002
   1.52660419543584        7.02237929900487      -8.213871443667535E-002
   1.52660419543584        7.32770013809204      -7.757025962336266E-002
   1.83192503452301       0.000000000000000E+000 -0.463552126113705     
   1.83192503452301       0.305320839087168      -0.455146087761084     
   1.83192503452301       0.610641678174337      -0.432251683932621     
   1.83192503452301       0.915962517261505      -0.399580108016785     
   1.83192503452301        1.22128335634867      -0.362029138981695     
   1.83192503452301        1.52660419543584      -0.324798598628621     
   1.83192503452301        1.83192503452301      -0.291673448121160     
   1.83192503452301        2.13724587361018      -0.264148889504439     
   1.83192503452301        2.44256671269735      -0.241766773562438     
   1.83192503452301        2.74788755178452      -0.222988793664146     
   1.83192503452301        3.05320839087168      -0.206202326449688     
   1.83192503452301        3.35852922995885      -0.190445449794851     
   1.83192503452301        3.66385006904602      -0.175584135233913     
   1.83192503452301        3.96917090813319      -0.161980794803399     
   1.83192503452301        4.27449174722036      -0.149963060582815     
   1.83192503452301        4.57981258630753      -0.139481553537464     
   1.83192503452301        4.88513342539469      -0.130154169796672     
   1.83192503452301        5.19045426448186      -0.121557460263675     
   1.83192503452301        5.49577510356903      -0.113474260196511     
   1.83192503452301        5.80109594265620      -0.105920571515420     
   1.83192503452301        6.10641678174337      -9.899382311863769E-002
   1.83192503452301        6.41173762083054      -9.271599762766378E-002
   1.83192503452301        6.71705845991770      -8.700918687390376E-002
   1.83192503452301        7.02237929900487      -8.179170510164001E-002
   1.83192503452301        7.32770013809204      -7.706168362984557E-002
   2.13724587361018       0.000000000000000E+000 -0.594409336684750     
   2.13724587361018       0.305320839087168      -0.579390073424859     
   2.13724587361018       0.610641678174337      -0.539088231047347     
   2.13724587361018       0.915962517261505      -0.484049428672309     
   2.13724587361018        1.22128335634867      -0.424984212833054     
   2.13724587361018        1.52660419543584      -0.369646335389108     
   2.13724587361018        1.83192503452301      -0.322377590679879     
   2.13724587361018        2.13724587361018      -0.284566741414353     
   2.13724587361018        2.44256671269735      -0.255324944439859     
   2.13724587361018        2.74788755178452      -0.232413180341636     
   2.13724587361018        3.05320839087168      -0.213357486099711     
   2.13724587361018        3.35852922995885      -0.196377854621976     
   2.13724587361018        3.66385006904602      -0.180739104760106     
   2.13724587361018        3.96917090813319      -0.166483914742000     
   2.13724587361018        4.27449174722036      -0.153857460989326     
   2.13724587361018        4.57981258630753      -0.142842114896644     
   2.13724587361018        4.88513342539469      -0.133067816689225     
   2.13724587361018        5.19045426448186      -0.124051478104502     
   2.13724587361018        5.49577510356903      -0.115492229559908     
   2.13724587361018        5.80109594265620      -0.107369193596246     
   2.13724587361018        6.10641678174337      -9.981178025989233E-002
   2.13724587361018        6.41173762083054      -9.291226901479810E-002
   2.13724587361018        6.71705845991770      -8.666345449274372E-002
   2.13724587361018        7.02237929900487      -8.104911458284336E-002
   2.13724587361018        7.32770013809204      -7.613283077720046E-002
   2.44256671269735       0.000000000000000E+000 -0.784950312282884     
   2.44256671269735       0.305320839087168      -0.756685763409668     
   2.44256671269735       0.610641678174337      -0.683450885011083     
   2.44256671269735       0.915962517261505      -0.591904939386015     
   2.44256671269735        1.22128335634867      -0.501668070355419     
   2.44256671269735        1.52660419543584      -0.422297841744601     
   2.44256671269735        1.83192503452301      -0.357278087152095     
   2.44256671269735        2.13724587361018      -0.306872023204132     
   2.44256671269735        2.44256671269735      -0.269269086858860     
   2.44256671269735        2.74788755178452      -0.241333178963732     
   2.44256671269735        3.05320839087168      -0.219603280072688     
   2.44256671269735        3.35852922995885      -0.201326868982648     
   2.44256671269735        3.66385006904602      -0.184999878074964     
   2.44256671269735        3.96917090813319      -0.170219076083027     
   2.44256671269735        4.27449174722036      -0.157086227251482     
   2.44256671269735        4.57981258630753      -0.145604250971107     
   2.44256671269735        4.88513342539469      -0.135433262766294     
   2.44256671269735        5.19045426448186      -0.126055453991598     
   2.44256671269735        5.49577510356903      -0.117095721988891     
   2.44256671269735        5.80109594265620      -0.108480521897309     
   2.44256671269735        6.10641678174337      -0.100336422176668     
   2.44256671269735        6.41173762083054      -9.278189764656944E-002
   2.44256671269735        6.71705845991770      -8.584643321338664E-002
   2.44256671269735        7.02237929900487      -7.962744842928823E-002
   2.44256671269735        7.32770013809204      -7.445583517302534E-002
   2.74788755178452       0.000000000000000E+000  -1.03810981605305     
   2.74788755178452       0.305320839087168      -0.992381453628707     
   2.74788755178452       0.610641678174337      -0.874036992012098     
   2.74788755178452       0.915962517261505      -0.725164535857547     
   2.74788755178452        1.22128335634867      -0.588532153755960     
   2.74788755178452        1.52660419543584      -0.478696960463497     
   2.74788755178452        1.83192503452301      -0.393362116528559     
   2.74788755178452        2.13724587361018      -0.329262245723576     
   2.74788755178452        2.44256671269735      -0.282721883157324     
   2.74788755178452        2.74788755178452      -0.249423203416551     
   2.74788755178452        3.05320839087168      -0.224855127615079     
   2.74788755178452        3.35852922995885      -0.205256797837587     
   2.74788755178452        3.66385006904602      -0.188308344558890     
   2.74788755178452        3.96917090813319      -0.173112930737059     
   2.74788755178452        4.27449174722036      -0.159585699588934     
   2.74788755178452        4.57981258630753      -0.147725852666819     
   2.74788755178452        4.88513342539469      -0.137227073265952     
   2.74788755178452        5.19045426448186      -0.127559072139422     
   2.74788755178452        5.49577510356903      -0.118288154137782     
   2.74788755178452        5.80109594265620      -0.109277176815043     
   2.74788755178452        6.10641678174337      -0.100605236124106     
   2.74788755178452        6.41173762083054      -9.232726637668197E-002
   2.74788755178452        6.71705845991770      -8.449709667833857E-002
   2.74788755178452        7.02237929900487      -7.756980383256480E-002
   2.74788755178452        7.32770013809204      -7.215069576461806E-002
   3.05320839087168       0.000000000000000E+000  -1.30986401073929     
   3.05320839087168       0.305320839087168       -1.24490829683054     
   3.05320839087168       0.610641678174337       -1.07605837083835     
   3.05320839087168       0.915962517261505      -0.867824325701883     
   3.05320839087168        1.22128335634867      -0.675805791036733     
   3.05320839087168        1.52660419543584      -0.531369381242624     
   3.05320839087168        1.83192503452301      -0.425739461388395     
   3.05320839087168        2.13724587361018      -0.348859380834927     
   3.05320839087168        2.44256671269735      -0.294199344387946     
   3.05320839087168        2.74788755178452      -0.256051947180452     
   3.05320839087168        3.05320839087168      -0.228909526857460     
   3.05320839087168        3.35852922995885      -0.208115058365877     
   3.05320839087168        3.66385006904602      -0.190634575637353     
   3.05320839087168        3.96917090813319      -0.175133352506638     
   3.05320839087168        4.27449174722036      -0.161333891161466     
   3.05320839087168        4.57981258630753      -0.149204829319770     
   3.05320839087168        4.88513342539469      -0.138466185579912     
   3.05320839087168        5.19045426448186      -0.128590001074831     
   3.05320839087168        5.49577510356903      -0.119102446223796     
   3.05320839087168        5.80109594265620      -0.109803177417588     
   3.05320839087168        6.10641678174337      -0.100692480646331     
   3.05320839087168        6.41173762083054      -9.173702426405464E-002
   3.05320839087168        6.71705845991770      -8.313300500337920E-002
   3.05320839087168        7.02237929900487      -7.550580871397863E-002
   3.05320839087168        7.32770013809204      -6.984043225792000E-002
   3.35852922995885       0.000000000000000E+000  -1.50535701248539     
   3.35852922995885       0.305320839087168       -1.43197875087968     
   3.35852922995885       0.610641678174337       -1.23322646334446     
   3.35852922995885       0.915962517261505      -0.978059435856461     
   3.35852922995885        1.22128335634867      -0.744444881361552     
   3.35852922995885        1.52660419543584      -0.569896499164279     
   3.35852922995885        1.83192503452301      -0.448546106096438     
   3.35852922995885        2.13724587361018      -0.362389992728314     
   3.35852922995885        2.44256671269735      -0.301997484161853     
   3.35852922995885        2.74788755178452      -0.260446642812083     
   3.35852922995885        3.05320839087168      -0.231483465777204     
   3.35852922995885        3.35852922995885      -0.209827465184300     
   3.35852922995885        3.66385006904602      -0.191969892571695     
   3.35852922995885        3.96917090813319      -0.176289545389311     
   3.35852922995885        4.27449174722036      -0.162346908289888     
   3.35852922995885        4.57981258630753      -0.150065156390908     
   3.35852922995885        4.88513342539469      -0.139184205128984     
   3.35852922995885        5.19045426448186      -0.129186398611333     
   3.35852922995885        5.49577510356903      -0.119575091306520     
   3.35852922995885        5.80109594265620      -0.110103279391435     
   3.35852922995885        6.10641678174337      -0.100702132875035     
   3.35852922995885        6.41173762083054      -9.133367620433935E-002
   3.35852922995885        6.71705845991770      -8.227941432107548E-002
   3.35852922995885        7.02237929900487      -7.438671710780757E-002
   3.35852922995885        7.32770013809204      -6.863633551234948E-002
   3.66385006904602       0.000000000000000E+000  -1.62588018891583     
   3.66385006904602       0.305320839087168       -1.49369407936355     
   3.66385006904602       0.610641678174337       -1.29039007168360     
   3.66385006904602       0.915962517261505       -1.01944404880368     
   3.66385006904602        1.22128335634867      -0.770456884320286     
   3.66385006904602        1.52660419543584      -0.584142221368077     
   3.66385006904602        1.83192503452301      -0.456780867651050     
   3.66385006904602        2.13724587361018      -0.367216474320999     
   3.66385006904602        2.44256671269735      -0.304754458934051     
   3.66385006904602        2.74788755178452      -0.261979126622803     
   3.66385006904602        3.05320839087168      -0.232356020072723     
   3.66385006904602        3.35852922995885      -0.210380231782229     
   3.66385006904602        3.66385006904602      -0.192381867768408     
   3.66385006904602        3.96917090813319      -0.176648223690844     
   3.66385006904602        4.27449174722036      -0.162668340560161     
   3.66385006904602        4.57981258630753      -0.150340829357883     
   3.66385006904602        4.88513342539469      -0.139415005718835     
   3.66385006904602        5.19045426448186      -0.129379603905262     
   3.66385006904602        5.49577510356903      -0.119730665751891     
   3.66385006904602        5.80109594265620      -0.110204606097884     
   3.66385006904602        6.10641678174337      -0.100710968856738     
   3.66385006904602        6.41173762083054      -9.122573207515577E-002
   3.66385006904602        6.71705845991770      -8.210771557092357E-002
   3.66385006904602        7.02237929900487      -7.443422172473226E-002
   3.66385006904602        7.32770013809204      -6.862349753076878E-002
   3.96917090813319       0.000000000000000E+000  -1.50535418640186     
   3.96917090813319       0.305320839087168       -1.43131249462007     
   3.96917090813319       0.610641678174337       -1.23259193273468     
   3.96917090813319       0.915962517261505      -0.977643569693284     
   3.96917090813319        1.22128335634867      -0.744207403847503     
   3.96917090813319        1.52660419543584      -0.569756509761101     
   3.96917090813319        1.83192503452301      -0.448453598784063     
   3.96917090813319        2.13724587361018      -0.362325851899067     
   3.96917090813319        2.44256671269735      -0.301950579156534     
   3.96917090813319        2.74788755178452      -0.260409194633576     
   3.96917090813319        3.05320839087168      -0.231450572325651     
   3.96917090813319        3.35852922995885      -0.209796986929537     
   3.96917090813319        3.66385006904602      -0.191941836397381     
   3.96917090813319        3.96917090813319      -0.176264836625982     
   3.96917090813319        4.27449174722036      -0.162326524524208     
   3.96917090813319        4.57981258630753      -0.150049703502225     
   3.96917090813319        4.88513342539469      -0.139173883306403     
   3.96917090813319        5.19045426448186      -0.129181392660247     
   3.96917090813319        5.49577510356903      -0.119576008026256     
   3.96917090813319        5.80109594265620      -0.110112053610977     
   3.96917090813319        6.10641678174337      -0.100724618274278     
   3.96917090813319        6.41173762083054      -9.138063599809634E-002
   3.96917090813319        6.71705845991770      -8.236042935472912E-002
   3.96917090813319        7.02237929900487      -7.449500784127806E-002
   3.96917090813319        7.32770013809204      -6.874998665958131E-002
   4.27449174722036       0.000000000000000E+000  -1.30986599208162     
   4.27449174722036       0.305320839087168       -1.24427400523247     
   4.27449174722036       0.610641678174337       -1.07531522655790     
   4.27449174722036       0.915962517261505      -0.867266369355763     
   4.27449174722036        1.22128335634867      -0.675457844815787     
   4.27449174722036        1.52660419543584      -0.531141531362449     
   4.27449174722036        1.83192503452301      -0.425580931036193     
   4.27449174722036        2.13724587361018      -0.348744663550184     
   4.27449174722036        2.44256671269735      -0.294111202559249     
   4.27449174722036        2.74788755178452      -0.255978004153503     
   4.27449174722036        3.05320839087168      -0.228842588940325     
   4.27449174722036        3.35852922995885      -0.208052833098512     
   4.27449174722036        3.66385006904602      -0.190577923601130     
   4.27449174722036        3.96917090813319      -0.175084246573759     
   4.27449174722036        4.27449174722036      -0.161293765818868     
   4.27449174722036        4.57981258630753      -0.149174070430799     
   4.27449174722036        4.88513342539469      -0.138444588527291     
   4.27449174722036        5.19045426448186      -0.128577514682422     
   4.27449174722036        5.49577510356903      -0.119099810939764     
   4.27449174722036        5.80109594265620      -0.109813026152264     
   4.27449174722036        6.10641678174337      -0.100721786150447     
   4.27449174722036        6.41173762083054      -9.180044549735684E-002
   4.27449174722036        6.71705845991770      -8.324325301435367E-002
   4.27449174722036        7.02237929900487      -7.566330738180010E-002
   4.27449174722036        7.32770013809204      -7.002417593968895E-002
   4.57981258630753       0.000000000000000E+000  -1.03811389233603     
   4.57981258630753       0.305320839087168      -0.991972112438970     
   4.57981258630753       0.610641678174337      -0.873485911313528     
   4.57981258630753       0.915962517261505      -0.724699843951749     
   4.57981258630753        1.22128335634867      -0.588191622129396     
   4.57981258630753        1.52660419543584      -0.478446261009677     
   4.57981258630753        1.83192503452301      -0.393174285257745     
   4.57981258630753        2.13724587361018      -0.329115788001900     
   4.57981258630753        2.44256671269735      -0.282599187454920     
   4.57981258630753        2.74788755178452      -0.249312295581014     
   4.57981258630753        3.05320839087168      -0.224750764778170     
   4.57981258630753        3.35852922995885      -0.205159614228834     
   4.57981258630753        3.66385006904602      -0.188221773333623     
   4.57981258630753        3.96917090813319      -0.173039962317454     
   4.57981258630753        4.27449174722036      -0.159527190598941     
   4.57981258630753        4.57981258630753      -0.147680647879334     
   4.57981258630753        4.88513342539469      -0.137193488549688     
   4.57981258630753        5.19045426448186      -0.127536118883794     
   4.57981258630753        5.49577510356903      -0.118276301862793     
   4.57981258630753        5.80109594265620      -0.109278661238849     
   4.57981258630753        6.10641678174337      -0.100625088903086     
   4.57981258630753        6.41173762083054      -9.237509481367158E-002
   4.57981258630753        6.71705845991770      -8.458353238779284E-002
   4.57981258630753        7.02237929900487      -7.769421569366383E-002
   4.57981258630753        7.32770013809204      -7.229619158724430E-002
   4.88513342539469       0.000000000000000E+000 -0.784953937674033     
   4.88513342539469       0.305320839087168      -0.756463024055835     
   4.88513342539469       0.610641678174337      -0.683124070524222     
   4.88513342539469       0.915962517261505      -0.591580841082854     
   4.88513342539469        1.22128335634867      -0.501389666300474     
   4.88513342539469        1.52660419543584      -0.422070004393623     
   4.88513342539469        1.83192503452301      -0.357089891912994     
   4.88513342539469        2.13724587361018      -0.306707409938250     
   4.88513342539469        2.44256671269735      -0.269114010502185     
   4.88513342539469        2.74788755178452      -0.241180707390328     
   4.88513342539469        3.05320839087168      -0.219454834001342     
   4.88513342539469        3.35852922995885      -0.201189550440896     
   4.88513342539469        3.66385006904602      -0.184881287125847     
   4.88513342539469        3.96917090813319      -0.170123081959020     
   4.88513342539469        4.27449174722036      -0.157011688386568     
   4.88513342539469        4.57981258630753      -0.145546863321075     
   4.88513342539469        4.88513342539469      -0.135388598193467     
   4.88513342539469        5.19045426448186      -0.126021134236940     
   4.88513342539469        5.49577510356903      -0.117071735179533     
   4.88513342539469        5.80109594265620      -0.108468666920112     
   4.88513342539469        6.10641678174337      -0.100339775030956     
   4.88513342539469        6.41173762083054      -9.280485579389781E-002
   4.88513342539469        6.71705845991770      -8.589350595030128E-002
   4.88513342539469        7.02237929900487      -7.969890730629020E-002
   4.88513342539469        7.32770013809204      -7.454306274280964E-002
   5.19045426448186       0.000000000000000E+000 -0.594411446926228     
   5.19045426448186       0.305320839087168      -0.579273494490229     
   5.19045426448186       0.610641678174337      -0.538897246494767     
   5.19045426448186       0.915962517261505      -0.483836120928868     
   5.19045426448186        1.22128335634867      -0.424780508545238     
   5.19045426448186        1.52660419543584      -0.369460364082266     
   5.19045426448186        1.83192503452301      -0.322201427462788     
   5.19045426448186        2.13724587361018      -0.284387086099413     
   5.19045426448186        2.44256671269735      -0.255132901081110     
   5.19045426448186        2.74788755178452      -0.232210284211772     
   5.19045426448186        3.05320839087168      -0.213155673395355     
   5.19045426448186        3.35852922995885      -0.196193872826055     
   5.19045426448186        3.66385006904602      -0.180586356266186     
   5.19045426448186        3.96917090813319      -0.166366671480923     
   5.19045426448186        4.27449174722036      -0.153770833276951     
   5.19045426448186        4.57981258630753      -0.142776828701064     
   5.19045426448186        4.88513342539469      -0.133015725382919     
   5.19045426448186        5.19045426448186      -0.124008573709935     
   5.19045426448186        5.49577510356903      -0.115458380675159     
   5.19045426448186        5.80109594265620      -0.107346146054822     
   5.19045426448186        6.10641678174337      -9.980170721759919E-002
   5.19045426448186        6.41173762083054      -9.291746819930487E-002
   5.19045426448186        6.71705845991770      -8.668636493652973E-002
   5.19045426448186        7.02237929900487      -8.109084248880626E-002
   5.19045426448186        7.32770013809204      -7.619073054878930E-002
   5.49577510356903       0.000000000000000E+000 -0.463552893759752     
   5.49577510356903       0.305320839087168      -0.455082809959556     
   5.49577510356903       0.610641678174337      -0.432143902260604     
   5.49577510356903       0.915962517261505      -0.399451084507332     
   5.49577510356903        1.22128335634867      -0.361892947530168     
   5.49577510356903        1.52660419543584      -0.324653960942642     
   5.49577510356903        1.83192503452301      -0.291507930094896     
   5.49577510356903        2.13724587361018      -0.263949110975779     
   5.49577510356903        2.44256671269735      -0.241529041991190     
   5.49577510356903        2.74788755178452      -0.222724590267998     
   5.49577510356903        3.05320839087168      -0.205936686507756     
   5.49577510356903        3.35852922995885      -0.190207915183447     
   5.49577510356903        3.66385006904602      -0.175395879131294     
   5.49577510356903        3.96917090813319      -0.161846047607860     
   5.49577510356903        4.27449174722036      -0.149870643890671     
   5.49577510356903        4.57981258630753      -0.139414889808365     
   5.49577510356903        4.88513342539469      -0.130100693835602     
   5.49577510356903        5.19045426448186      -0.121512077237068     
   5.49577510356903        5.49577510356903      -0.113437503578381     
   5.49577510356903        5.80109594265620      -0.105894715264560     
   5.49577510356903        6.10641678174337      -9.898034964411888E-002
   5.49577510356903        6.41173762083054      -9.271626377462495E-002
   5.49577510356903        6.71705845991770      -8.702731111038789E-002
   5.49577510356903        7.02237929900487      -8.183404554950686E-002
   5.49577510356903        7.32770013809204      -7.712842515401880E-002
   5.80109594265620       0.000000000000000E+000 -0.377805390689513     
   5.80109594265620       0.305320839087168      -0.372324182382704     
   5.80109594265620       0.610641678174337      -0.357538169744332     
   5.80109594265620       0.915962517261505      -0.336778134122849     
   5.80109594265620        1.22128335634867      -0.313120169976077     
   5.80109594265620        1.52660419543584      -0.288919335576522     
   5.80109594265620        1.83192503452301      -0.266031319385222     
   5.80109594265620        2.13724587361018      -0.245943286969510     
   5.80109594265620        2.44256671269735      -0.228513787233630     
   5.80109594265620        2.74788755178452      -0.212805076654024     
   5.80109594265620        3.05320839087168      -0.197897300247073     
   5.80109594265620        3.35852922995885      -0.183386672374847     
   5.80109594265620        3.66385006904602      -0.169473590077897     
   5.80109594265620        3.96917090813319      -0.156689153311287     
   5.80109594265620        4.27449174722036      -0.145407945044576     
   5.80109594265620        4.57981258630753      -0.135546880615468     
   5.80109594265620        4.88513342539469      -0.126725405439159     
   5.80109594265620        5.19045426448186      -0.118604148252852     
   5.80109594265620        5.49577510356903      -0.111059459484529     
   5.80109594265620        5.80109594265620      -0.104132355616409     
   5.80109594265620        6.10641678174337      -9.786909305630358E-002
   5.80109594265620        6.41173762083054      -9.220723782569999E-002
   5.80109594265620        6.71705845991770      -8.704364924951506E-002
   5.80109594265620        7.02237929900487      -8.223116338007257E-002
   5.80109594265620        7.32770013809204      -7.770618840764956E-002
   6.10641678174337       0.000000000000000E+000 -0.327413959505245     
   6.10641678174337       0.305320839087168      -0.322241510301760     
   6.10641678174337       0.610641678174337      -0.309987204316101     
   6.10641678174337       0.915962517261505      -0.294787022909068     
   6.10641678174337        1.22128335634867      -0.278360379495767     
   6.10641678174337        1.52660419543584      -0.261586899269074     
   6.10641678174337        1.83192503452301      -0.245233161537229     
   6.10641678174337        2.13724587361018      -0.229960993090623     
   6.10641678174337        2.44256671269735      -0.215880220796672     
   6.10641678174337        2.74788755178452      -0.202512795445893     
   6.10641678174337        3.05320839087168      -0.189367331326216     
   6.10641678174337        3.35852922995885      -0.176189683051466     
   6.10641678174337        3.66385006904602      -0.163150419209165     
   6.10641678174337        3.96917090813319      -0.151028857668104     
   6.10641678174337        4.27449174722036      -0.140457009779907     
   6.10641678174337        4.57981258630753      -0.131285202547651     
   6.10641678174337        4.88513342539469      -0.123028162653271     
   6.10641678174337        5.19045426448186      -0.115416029273199     
   6.10641678174337        5.49577510356903      -0.108422129229145     
   6.10641678174337        5.80109594265620      -0.102108372128737     
   6.10641678174337        6.10641678174337      -9.643638139121802E-002
   6.10641678174337        6.41173762083054      -9.136768808733572E-002
   6.10641678174337        6.71705845991770      -8.676773727062841E-002
   6.10641678174337        7.02237929900487      -8.235169761404228E-002
   6.10641678174337        7.32770013809204      -7.796267135718284E-002
   6.41173762083054       0.000000000000000E+000 -0.304088572394200     
   6.41173762083054       0.305320839087168      -0.295616849802172     
   6.41173762083054       0.610641678174337      -0.280578019969742     
   6.41173762083054       0.915962517261505      -0.267061562370886     
   6.41173762083054        1.22128335634867      -0.254031733801416     
   6.41173762083054        1.52660419543584      -0.240790695484385     
   6.41173762083054        1.83192503452301      -0.227701136814252     
   6.41173762083054        2.13724587361018      -0.215182428446949     
   6.41173762083054        2.44256671269735      -0.203366538595296     
   6.41173762083054        2.74788755178452      -0.192104312420085     
   6.41173762083054        3.05320839087168      -0.180919817664037     
   6.41173762083054        3.35852922995885      -0.168981283998835     
   6.41173762083054        3.66385006904602      -0.156489548730143     
   6.41173762083054        3.96917090813319      -0.144872271067566     
   6.41173762083054        4.27449174722036      -0.135065544939239     
   6.41173762083054        4.57981258630753      -0.126763752264682     
   6.41173762083054        4.88513342539469      -0.119199798702964     
   6.41173762083054        5.19045426448186      -0.112112873633168     
   6.41173762083054        5.49577510356903      -0.105639884891838     
   6.41173762083054        5.80109594265620      -9.983829290251683E-002
   6.41173762083054        6.10641678174337      -9.467185354817033E-002
   6.41173762083054        6.41173762083054      -9.015658805677186E-002
   6.41173762083054        6.71705845991770      -8.616780105876036E-002
   6.41173762083054        7.02237929900487      -8.219712581779270E-002
   6.41173762083054        7.32770013809204      -7.781237667714397E-002
   6.71705845991770       0.000000000000000E+000 -0.295290749152058     
   6.71705845991770       0.305320839087168      -0.277818249788044     
   6.71705845991770       0.610641678174337      -0.258781935981091     
   6.71705845991770       0.915962517261505      -0.247205789375242     
   6.71705845991770        1.22128335634867      -0.235662577578165     
   6.71705845991770        1.52660419543584      -0.223577857332042     
   6.71705845991770        1.83192503452301      -0.211855757018135     
   6.71705845991770        2.13724587361018      -0.200908302371605     
   6.71705845991770        2.44256671269735      -0.190881379343081     
   6.71705845991770        2.74788755178452      -0.181771954281807     
   6.71705845991770        3.05320839087168      -0.172604665877628     
   6.71705845991770        3.35852922995885      -0.162009278201595     
   6.71705845991770        3.66385006904602      -0.149872185763151     
   6.71705845991770        3.96917090813319      -0.138801221984762     
   6.71705845991770        4.27449174722036      -0.130033503902169     
   6.71705845991770        4.57981258630753      -0.122495069759395     
   6.71705845991770        4.88513342539469      -0.115500536705505     
   6.71705845991770        5.19045426448186      -0.108848940158471     
   6.71705845991770        5.49577510356903      -0.102792772046122     
   6.71705845991770        5.80109594265620      -9.738136565510846E-002
   6.71705845991770        6.10641678174337      -9.261577903593132E-002
   6.71705845991770        6.41173762083054      -8.851554743313397E-002
   6.71705845991770        6.71705845991770      -8.508440598682529E-002
   6.71705845991770        7.02237929900487      -8.181009914712198E-002
   6.71705845991770        7.32770013809204      -7.731717895222263E-002
   7.02237929900487       0.000000000000000E+000 -0.271492153949434     
   7.02237929900487       0.305320839087168      -0.252119034739121     
   7.02237929900487       0.610641678174337      -0.240919592524106     
   7.02237929900487       0.915962517261505      -0.231899990042475     
   7.02237929900487        1.22128335634867      -0.219976470154770     
   7.02237929900487        1.52660419543584      -0.207739056705177     
   7.02237929900487        1.83192503452301      -0.196615976252428     
   7.02237929900487        2.13724587361018      -0.186870310386740     
   7.02237929900487        2.44256671269735      -0.178449854105616     
   7.02237929900487        2.74788755178452      -0.171188016703526     
   7.02237929900487        3.05320839087168      -0.164079402792561     
   7.02237929900487        3.35852922995885      -0.155384391756700     
   7.02237929900487        3.66385006904602      -0.144245792316355     
   7.02237929900487        3.96917090813319      -0.134263774553310     
   7.02237929900487        4.27449174722036      -0.126485231126603     
   7.02237929900487        4.57981258630753      -0.119192941406996     
   7.02237929900487        4.88513342539469      -0.112188306919077     
   7.02237929900487        5.19045426448186      -0.105692011118296     
   7.02237929900487        5.49577510356903      -9.990570854209418E-002
   7.02237929900487        5.80109594265620      -9.482020553461383E-002
   7.02237929900487        6.10641678174337      -9.039999650980589E-002
   7.02237929900487        6.41173762083054      -8.660638873615842E-002
   7.02237929900487        6.71705845991770      -8.342347458645928E-002
   7.02237929900487        7.02237929900487      -8.103638325385686E-002
   7.02237929900487        7.32770013809204      -7.755196401178760E-002
   7.32770013809204       0.000000000000000E+000 -0.232184956181752     
   7.32770013809204       0.305320839087168      -0.238938618828736     
   7.32770013809204       0.610641678174337      -0.230528060867036     
   7.32770013809204       0.915962517261505      -0.217606544297090     
   7.32770013809204        1.22128335634867      -0.204220785142281     
   7.32770013809204        1.52660419543584      -0.192103252939665     
   7.32770013809204        1.83192503452301      -0.181800794236387     
   7.32770013809204        2.13724587361018      -0.173269651579269     
   7.32770013809204        2.44256671269735      -0.166138909371390     
   7.32770013809204        2.74788755178452      -0.160090131040285     
   7.32770013809204        3.05320839087168      -0.154269131140452     
   7.32770013809204        3.35852922995885      -0.147164374229366     
   7.32770013809204        3.66385006904602      -0.139182802359763     
   7.32770013809204        3.96917090813319      -0.131771096159149     
   7.32770013809204        4.27449174722036      -0.124204765739054     
   7.32770013809204        4.57981258630753      -0.116406871517995     
   7.32770013809204        4.88513342539469      -0.109059565879490     
   7.32770013809204        5.19045426448186      -0.102534757810325     
   7.32770013809204        5.49577510356903      -9.695516602105222E-002
   7.32770013809204        5.80109594265620      -9.217404765325876E-002
   7.32770013809204        6.10641678174337      -8.815410929382522E-002
   7.32770013809204        6.41173762083054      -8.490778291125259E-002
   7.32770013809204        6.71705845991770      -8.237991077148507E-002
   7.32770013809204        7.02237929900487      -8.007809480100192E-002
   7.32770013809204        7.32770013809204      -7.704829111971856E-002
