  0.000000000000000E+000  0.000000000000000E+000 -0.196154806807139     
  0.000000000000000E+000  0.305320839087168      -0.208026575853069     
  0.000000000000000E+000  0.610641678174337      -0.208869309768069     
  0.000000000000000E+000  0.915962517261505      -0.203236833480710     
  0.000000000000000E+000   1.22128335634867      -0.197734704006683     
  0.000000000000000E+000   1.52660419543584      -0.193819057362385     
  0.000000000000000E+000   1.83192503452301      -0.191435623001496     
  0.000000000000000E+000   2.13724587361018      -0.190225048012353     
  0.000000000000000E+000   2.44256671269735      -0.189769217659982     
  0.000000000000000E+000   2.74788755178452      -0.189556661335064     
  0.000000000000000E+000   3.05320839087168      -0.188211370437409     
  0.000000000000000E+000   3.35852922995885      -0.183366298528643     
  0.000000000000000E+000   3.66385006904602      -0.175409017410482     
  0.000000000000000E+000   3.96917090813319      -0.170811891771689     
  0.000000000000000E+000   4.27449174722036      -0.163888511924562     
  0.000000000000000E+000   4.57981258630753      -0.153796083410016     
  0.000000000000000E+000   4.88513342539469      -0.143488557574928     
  0.000000000000000E+000   5.19045426448186      -0.134492457279080     
  0.000000000000000E+000   5.49577510356903      -0.127072436994271     
  0.000000000000000E+000   5.80109594265620      -0.121275854811979     
  0.000000000000000E+000   6.10641678174337      -0.117218464796727     
  0.000000000000000E+000   6.41173762083054      -0.114987002159455     
  0.000000000000000E+000   6.71705845991770      -0.113914940883268     
  0.000000000000000E+000   7.02237929900487      -0.110261433095589     
  0.000000000000000E+000   7.32770013809204      -0.103312942703335     
  0.305320839087168       0.000000000000000E+000 -0.218199446992596     
  0.305320839087168       0.305320839087168      -0.209805739521080     
  0.305320839087168       0.610641678174337      -0.212589412095132     
  0.305320839087168       0.915962517261505      -0.214853412038960     
  0.305320839087168        1.22128335634867      -0.213278085871295     
  0.305320839087168        1.52660419543584      -0.210867142606030     
  0.305320839087168        1.83192503452301      -0.208899008004135     
  0.305320839087168        2.13724587361018      -0.207502104319286     
  0.305320839087168        2.44256671269735      -0.206374101404702     
  0.305320839087168        2.74788755178452      -0.204731435828305     
  0.305320839087168        3.05320839087168      -0.200783117036940     
  0.305320839087168        3.35852922995885      -0.192778889176493     
  0.305320839087168        3.66385006904602      -0.182732120573937     
  0.305320839087168        3.96917090813319      -0.176236697587810     
  0.305320839087168        4.27449174722036      -0.169591227523061     
  0.305320839087168        4.57981258630753      -0.160473209643973     
  0.305320839087168        4.88513342539469      -0.150653269932578     
  0.305320839087168        5.19045426448186      -0.141616330252481     
  0.305320839087168        5.49577510356903      -0.133734606115173     
  0.305320839087168        5.80109594265620      -0.127222307524498     
  0.305320839087168        6.10641678174337      -0.122139615078179     
  0.305320839087168        6.41173762083054      -0.118296776767454     
  0.305320839087168        6.71705845991770      -0.114710312104695     
  0.305320839087168        7.02237929900487      -0.110423485633826     
  0.305320839087168        7.32770013809204      -0.107254357930865     
  0.610641678174337       0.000000000000000E+000 -0.229449283467849     
  0.610641678174337       0.305320839087168      -0.226039380677038     
  0.610641678174337       0.610641678174337      -0.224321490640126     
  0.610641678174337       0.915962517261505      -0.227671928896662     
  0.610641678174337        1.22128335634867      -0.229147510664786     
  0.610641678174337        1.52660419543584      -0.228790742435700     
  0.610641678174337        1.83192503452301      -0.227659626396081     
  0.610641678174337        2.13724587361018      -0.226214521592628     
  0.610641678174337        2.44256671269735      -0.224164948093387     
  0.610641678174337        2.74788755178452      -0.220853694942384     
  0.610641678174337        3.05320839087168      -0.214473330860608     
  0.610641678174337        3.35852922995885      -0.204252519239463     
  0.610641678174337        3.66385006904602      -0.192727473305826     
  0.610641678174337        3.96917090813319      -0.183749304956906     
  0.610641678174337        4.27449174722036      -0.175914283087872     
  0.610641678174337        4.57981258630753      -0.167086171904214     
  0.610641678174337        4.88513342539469      -0.157688733675356     
  0.610641678174337        5.19045426448186      -0.148629189910453     
  0.610641678174337        5.49577510356903      -0.140312070697363     
  0.610641678174337        5.80109594265620      -0.133030532837746     
  0.610641678174337        6.10641678174337      -0.126827270811166     
  0.610641678174337        6.41173762083054      -0.121490761158503     
  0.610641678174337        6.71705845991770      -0.116640075410172     
  0.610641678174337        7.02237929900487      -0.112550153608853     
  0.610641678174337        7.32770013809204      -0.108258440970962     
  0.915962517261505       0.000000000000000E+000 -0.230318513448935     
  0.915962517261505       0.305320839087168      -0.236651846988175     
  0.915962517261505       0.610641678174337      -0.239651752580725     
  0.915962517261505       0.915962517261505      -0.243772082352552     
  0.915962517261505        1.22128335634867      -0.246975818648782     
  0.915962517261505        1.52660419543584      -0.248300243484686     
  0.915962517261505        1.83192503452301      -0.248034712859588     
  0.915962517261505        2.13724587361018      -0.246686512713743     
  0.915962517261505        2.44256671269735      -0.243811576456240     
  0.915962517261505        2.74788755178452      -0.238903944589277     
  0.915962517261505        3.05320839087168      -0.231185377627776     
  0.915962517261505        3.35852922995885      -0.220275212103436     
  0.915962517261505        3.66385006904602      -0.207891896551743     
  0.915962517261505        3.96917090813319      -0.196281804434848     
  0.915962517261505        4.27449174722036      -0.185717442165622     
  0.915962517261505        4.57981258630753      -0.175473730616661     
  0.915962517261505        4.88513342539469      -0.165435390230106     
  0.915962517261505        5.19045426448186      -0.155817145940381     
  0.915962517261505        5.49577510356903      -0.146831324956321     
  0.915962517261505        5.80109594265620      -0.138710979835841     
  0.915962517261505        6.10641678174337      -0.131474971343704     
  0.915962517261505        6.41173762083054      -0.125058255202603     
  0.915962517261505        6.71705845991770      -0.119370573610303     
  0.915962517261505        7.02237929900487      -0.114207622465637     
  0.915962517261505        7.32770013809204      -0.108503841268149     
   1.22128335634867       0.000000000000000E+000 -0.234608079557018     
   1.22128335634867       0.305320839087168      -0.246164531786131     
   1.22128335634867       0.610641678174337      -0.254800101766579     
   1.22128335634867       0.915962517261505      -0.262029193488067     
   1.22128335634867        1.22128335634867      -0.267394010830500     
   1.22128335634867        1.52660419543584      -0.270264490577643     
   1.22128335634867        1.83192503452301      -0.270826926717940     
   1.22128335634867        2.13724587361018      -0.269366588461661     
   1.22128335634867        2.44256671269735      -0.265507564991519     
   1.22128335634867        2.74788755178452      -0.259015308386539     
   1.22128335634867        3.05320839087168      -0.249780986508254     
   1.22128335634867        3.35852922995885      -0.237986419260683     
   1.22128335634867        3.66385006904602      -0.224485269633552     
   1.22128335634867        3.96917090813319      -0.210681074246221     
   1.22128335634867        4.27449174722036      -0.197508799950386     
   1.22128335634867        4.57981258630753      -0.185239518152258     
   1.22128335634867        4.88513342539469      -0.173845203959946     
   1.22128335634867        5.19045426448186      -0.163220296249998     
   1.22128335634867        5.49577510356903      -0.153306286008354     
   1.22128335634867        5.80109594265620      -0.144199344469427     
   1.22128335634867        6.10641678174337      -0.135925846041540     
   1.22128335634867        6.41173762083054      -0.128442968840974     
   1.22128335634867        6.71705845991770      -0.121675683058492     
   1.22128335634867        7.02237929900487      -0.115316809108067     
   1.22128335634867        7.32770013809204      -0.108781219644261     
   1.52660419543584       0.000000000000000E+000 -0.245775159101798     
   1.52660419543584       0.305320839087168      -0.260539501349241     
   1.52660419543584       0.610641678174337      -0.273277632343309     
   1.52660419543584       0.915962517261505      -0.283895213695464     
   1.52660419543584        1.22128335634867      -0.291704795563549     
   1.52660419543584        1.52660419543584      -0.296107718313178     
   1.52660419543584        1.83192503452301      -0.297154679757852     
   1.52660419543584        2.13724587361018      -0.294792318502872     
   1.52660419543584        2.44256671269735      -0.289214045501691     
   1.52660419543584        2.74788755178452      -0.280711048500140     
   1.52660419543584        3.05320839087168      -0.269540108154845     
   1.52660419543584        3.35852922995885      -0.256041721985582     
   1.52660419543584        3.66385006904602      -0.240891785588170     
   1.52660419543584        3.96917090813319      -0.225118064677498     
   1.52660419543584        4.27449174722036      -0.209755979423474     
   1.52660419543584        4.57981258630753      -0.195483565037603     
   1.52660419543584        4.88513342539469      -0.182502613749767     
   1.52660419543584        5.19045426448186      -0.170654773555115     
   1.52660419543584        5.49577510356903      -0.159687212259280     
   1.52660419543584        5.80109594265620      -0.149491867610837     
   1.52660419543584        6.10641678174337      -0.140127436154671     
   1.52660419543584        6.41173762083054      -0.131577433188631     
   1.52660419543584        6.71705845991770      -0.123773756288816     
   1.52660419543584        7.02237929900487      -0.116497946647403     
   1.52660419543584        7.32770013809204      -0.109434035801491     
   1.83192503452301       0.000000000000000E+000 -0.264457649946790     
   1.83192503452301       0.305320839087168      -0.282070028432936     
   1.83192503452301       0.610641678174337      -0.297981755727439     
   1.83192503452301       0.915962517261505      -0.311562340885974     
   1.83192503452301        1.22128335634867      -0.321688867365157     
   1.83192503452301        1.52660419543584      -0.327321943164768     
   1.83192503452301        1.83192503452301      -0.327835440429422     
   1.83192503452301        2.13724587361018      -0.323400820778898     
   1.83192503452301        2.44256671269735      -0.314892890818712     
   1.83192503452301        2.74788755178452      -0.303358447786523     
   1.83192503452301        3.05320839087168      -0.289542901947630     
   1.83192503452301        3.35852922995885      -0.273867086795942     
   1.83192503452301        3.66385006904602      -0.256780691481787     
   1.83192503452301        3.96917090813319      -0.239050328144158     
   1.83192503452301        4.27449174722036      -0.221671396554434     
   1.83192503452301        4.57981258630753      -0.205503134803490     
   1.83192503452301        4.88513342539469      -0.190934085768765     
   1.83192503452301        5.19045426448186      -0.177833567881335     
   1.83192503452301        5.49577510356903      -0.165819555428537     
   1.83192503452301        5.80109594265620      -0.154611274337059     
   1.83192503452301        6.10641678174337      -0.144182222463966     
   1.83192503452301        6.41173762083054      -0.134633038591332     
   1.83192503452301        6.71705845991770      -0.125967504842406     
   1.83192503452301        7.02237929900487      -0.118029082126722     
   1.83192503452301        7.32770013809204      -0.110577651548601     
   2.13724587361018       0.000000000000000E+000 -0.291152435547218     
   2.13724587361018       0.305320839087168      -0.311855366954190     
   2.13724587361018       0.610641678174337      -0.330322784765450     
   2.13724587361018       0.915962517261505      -0.346137455421141     
   2.13724587361018        1.22128335634867      -0.357923953341820     
   2.13724587361018        1.52660419543584      -0.363875604004273     
   2.13724587361018        1.83192503452301      -0.362830108205489     
   2.13724587361018        2.13724587361018      -0.355096460716093     
   2.13724587361018        2.44256671269735      -0.342314518897967     
   2.13724587361018        2.74788755178452      -0.326501874187916     
   2.13724587361018        3.05320839087168      -0.309091143068489     
   2.13724587361018        3.35852922995885      -0.290664734101846     
   2.13724587361018        3.66385006904602      -0.271428877349080     
   2.13724587361018        3.96917090813319      -0.251810400516971     
   2.13724587361018        4.27449174722036      -0.232620475905096     
   2.13724587361018        4.57981258630753      -0.214755933174703     
   2.13724587361018        4.88513342539469      -0.198734692687332     
   2.13724587361018        5.19045426448186      -0.184474582374346     
   2.13724587361018        5.49577510356903      -0.171508124904570     
   2.13724587361018        5.80109594265620      -0.159414308152719     
   2.13724587361018        6.10641678174337      -0.148091985819666     
   2.13724587361018        6.41173762083054      -0.137692148006458     
   2.13724587361018        6.71705845991770      -0.128340092105689     
   2.13724587361018        7.02237929900487      -0.119933047711075     
   2.13724587361018        7.32770013809204      -0.112182838014582     
   2.44256671269735       0.000000000000000E+000 -0.326895198793622     
   2.44256671269735       0.305320839087168      -0.351075584942337     
   2.44256671269735       0.610641678174337      -0.371118390899713     
   2.44256671269735       0.915962517261505      -0.387483345986596     
   2.44256671269735        1.22128335634867      -0.399273207129711     
   2.44256671269735        1.52660419543584      -0.404302951687713     
   2.44256671269735        1.83192503452301      -0.400715314180361     
   2.44256671269735        2.13724587361018      -0.388702832285200     
   2.44256671269735        2.44256671269735      -0.370589395598401     
   2.44256671269735        2.74788755178452      -0.349460571863230     
   2.44256671269735        3.05320839087168      -0.327608505897508     
   2.44256671269735        3.35852922995885      -0.305908009075413     
   2.44256671269735        3.66385006904602      -0.284346031993364     
   2.44256671269735        3.96917090813319      -0.262933713964982     
   2.44256671269735        4.27449174722036      -0.242170099674840     
   2.44256671269735        4.57981258630753      -0.222869231504208     
   2.44256671269735        4.88513342539469      -0.205609464919173     
   2.44256671269735        5.19045426448186      -0.190349873824161     
   2.44256671269735        5.49577510356903      -0.176568304059421     
   2.44256671269735        5.80109594265620      -0.163736398735951     
   2.44256671269735        6.10641678174337      -0.151691672365493     
   2.44256671269735        6.41173762083054      -0.140624653408005     
   2.44256671269735        6.71705845991770      -0.130756900117330     
   2.44256671269735        7.02237929900487      -0.122026938544479     
   2.44256671269735        7.32770013809204      -0.114059836654733     
   2.74788755178452       0.000000000000000E+000 -0.371983011518438     
   2.74788755178452       0.305320839087168      -0.400455579115027     
   2.74788755178452       0.610641678174337      -0.422221940901702     
   2.74788755178452       0.915962517261505      -0.436101167246897     
   2.74788755178452        1.22128335634867      -0.443591908901749     
   2.74788755178452        1.52660419543584      -0.445489580964753     
   2.74788755178452        1.83192503452301      -0.438383153459224     
   2.74788755178452        2.13724587361018      -0.421601771534384     
   2.74788755178452        2.44256671269735      -0.397771234899397     
   2.74788755178452        2.74788755178452      -0.370927874980425     
   2.74788755178452        3.05320839087168      -0.344276272830953     
   2.74788755178452        3.35852922995885      -0.319096733782812     
   2.74788755178452        3.66385006904602      -0.295200482709834     
   2.74788755178452        3.96917090813319      -0.272141832555083     
   2.74788755178452        4.27449174722036      -0.250050278675941     
   2.74788755178452        4.57981258630753      -0.229590857557250     
   2.74788755178452        4.88513342539469      -0.211337415765318     
   2.74788755178452        5.19045426448186      -0.195267116408627     
   2.74788755178452        5.49577510356903      -0.180824597913583     
   2.74788755178452        5.80109594265620      -0.167407621431818     
   2.74788755178452        6.10641678174337      -0.154812010526690     
   2.74788755178452        6.41173762083054      -0.143274487768718     
   2.74788755178452        6.71705845991770      -0.133064268292068     
   2.74788755178452        7.02237929900487      -0.124189469230431     
   2.74788755178452        7.32770013809204      -0.116202805252637     
   3.05320839087168       0.000000000000000E+000 -0.419723925119348     
   3.05320839087168       0.305320839087168      -0.452968816915603     
   3.05320839087168       0.610641678174337      -0.476118187741102     
   3.05320839087168       0.915962517261505      -0.488169277021303     
   3.05320839087168        1.22128335634867      -0.487084850510104     
   3.05320839087168        1.52660419543584      -0.482578115667461     
   3.05320839087168        1.83192503452301      -0.471209887711344     
   3.05320839087168        2.13724587361018      -0.449883947583821     
   3.05320839087168        2.44256671269735      -0.420882597283053     
   3.05320839087168        2.74788755178452      -0.388882976775129     
   3.05320839087168        3.05320839087168      -0.357889116414571     
   3.05320839087168        3.35852922995885      -0.329600686914885     
   3.05320839087168        3.66385006904602      -0.303675070589942     
   3.05320839087168        3.96917090813319      -0.279220464190876     
   3.05320839087168        4.27449174722036      -0.256049108583594     
   3.05320839087168        4.57981258630753      -0.234698269717893     
   3.05320839087168        4.88513342539469      -0.215700769565143     
   3.05320839087168        5.19045426448186      -0.199023479465161     
   3.05320839087168        5.49577510356903      -0.184086913459416     
   3.05320839087168        5.80109594265620      -0.170241605404296     
   3.05320839087168        6.10641678174337      -0.157259057814790     
   3.05320839087168        6.41173762083054      -0.145361199163349     
   3.05320839087168        6.71705845991770      -0.134804369507141     
   3.05320839087168        7.02237929900487      -0.125935155022374     
   3.05320839087168        7.32770013809204      -0.118181636894676     
   3.35852922995885       0.000000000000000E+000 -0.452593897756763     
   3.35852922995885       0.305320839087168      -0.492738078795754     
   3.35852922995885       0.610641678174337      -0.519375343494086     
   3.35852922995885       0.915962517261505      -0.529163113558476     
   3.35852922995885        1.22128335634867      -0.521994009237441     
   3.35852922995885        1.52660419543584      -0.509192849551596     
   3.35852922995885        1.83192503452301      -0.493891932184491     
   3.35852922995885        2.13724587361018      -0.469184417093079     
   3.35852922995885        2.44256671269735      -0.436548211663829     
   3.35852922995885        2.74788755178452      -0.400960289876797     
   3.35852922995885        3.05320839087168      -0.366966700052458     
   3.35852922995885        3.35852922995885      -0.336574424722789     
   3.35852922995885        3.66385006904602      -0.309288020635961     
   3.35852922995885        3.96917090813319      -0.283841383028203     
   3.35852922995885        4.27449174722036      -0.259889890721701     
   3.35852922995885        4.57981258630753      -0.237932724906713     
   3.35852922995885        4.88513342539469      -0.218456777871236     
   3.35852922995885        5.19045426448186      -0.201398934397250     
   3.35852922995885        5.49577510356903      -0.186155779669348     
   3.35852922995885        5.80109594265620      -0.172048130144501     
   3.35852922995885        6.10641678174337      -0.158826417960729     
   3.35852922995885        6.41173762083054      -0.146595812831619     
   3.35852922995885        6.71705845991770      -0.135626619255108     
   3.35852922995885        7.02237929900487      -0.126660229484692     
   3.35852922995885        7.32770013809204      -0.119144113946563     
   3.66385006904602       0.000000000000000E+000 -0.456780867651054     
   3.66385006904602       0.305320839087168      -0.504776569731006     
   3.66385006904602       0.610641678174337      -0.535694478526757     
   3.66385006904602       0.915962517261505      -0.544806764392576     
   3.66385006904602        1.22128335634867      -0.535494915387973     
   3.66385006904602        1.52660419543584      -0.518971760158998     
   3.66385006904602        1.83192503452301      -0.502005000286525     
   3.66385006904602        2.13724587361018      -0.476035246090399     
   3.66385006904602        2.44256671269735      -0.442090499943925     
   3.66385006904602        2.74788755178452      -0.405222655107654     
   3.66385006904602        3.05320839087168      -0.370170556559641     
   3.66385006904602        3.35852922995885      -0.339055747692319     
   3.66385006904602        3.66385006904602      -0.311304998107736     
   3.66385006904602        3.96917090813319      -0.285482766623930     
   3.66385006904602        4.27449174722036      -0.261226013522843     
   3.66385006904602        4.57981258630753      -0.239044430359842     
   3.66385006904602        4.88513342539469      -0.219401517274775     
   3.66385006904602        5.19045426448186      -0.202215986350344     
   3.66385006904602        5.49577510356903      -0.186872182923485     
   3.66385006904602        5.80109594265620      -0.172680443545146     
   3.66385006904602        6.10641678174337      -0.159380668189590     
   3.66385006904602        6.41173762083054      -0.147015011765244     
   3.66385006904602        6.71705845991770      -0.135821366671442     
   3.66385006904602        7.02237929900487      -0.126758342710853     
   3.66385006904602        7.32770013809204      -0.119730393711994     
   3.96917090813319       0.000000000000000E+000 -0.452591786162184     
   3.96917090813319       0.305320839087168      -0.492258334190005     
   3.96917090813319       0.610641678174337      -0.518902877837473     
   3.96917090813319       0.915962517261505      -0.528838422763070     
   3.96917090813319        1.22128335634867      -0.521796269704935     
   3.96917090813319        1.52660419543584      -0.509066749545262     
   3.96917090813319        1.83192503452301      -0.493802798637467     
   3.96917090813319        2.13724587361018      -0.469120554728356     
   3.96917090813319        2.44256671269735      -0.436502562684392     
   3.96917090813319        2.74788755178452      -0.400926738918206     
   3.96917090813319        3.05320839087168      -0.366940348837857     
   3.96917090813319        3.35852922995885      -0.336552213701704     
   3.96917090813319        3.66385006904602      -0.309268777012149     
   3.96917090813319        3.96917090813319      -0.283825345262813     
   3.96917090813319        4.27449174722036      -0.259877922497660     
   3.96917090813319        4.57981258630753      -0.237925921905380     
   3.96917090813319        4.88513342539469      -0.218456324592609     
   3.96917090813319        5.19045426448186      -0.201406237337451     
   3.96917090813319        5.49577510356903      -0.186172835840375     
   3.96917090813319        5.80109594265620      -0.172079035894400     
   3.96917090813319        6.10641678174337      -0.158882915370501     
   3.96917090813319        6.41173762083054      -0.146697741899165     
   3.96917090813319        6.71705845991770      -0.135786489899060     
   3.96917090813319        7.02237929900487      -0.126845426956244     
   3.96917090813319        7.32770013809204      -0.119240163710060     
   4.27449174722036       0.000000000000000E+000 -0.419733717193431     
   4.27449174722036       0.305320839087168      -0.452514680848794     
   4.27449174722036       0.610641678174337      -0.475563848036984     
   4.27449174722036       0.915962517261505      -0.487731832953574     
   4.27449174722036        1.22128335634867      -0.486793790513475     
   4.27449174722036        1.52660419543584      -0.482373069354805     
   4.27449174722036        1.83192503452301      -0.471058685643547     
   4.27449174722036        2.13724587361018      -0.449772293113305     
   4.27449174722036        2.44256671269735      -0.420799766336548     
   4.27449174722036        2.74788755178452      -0.388819240293780     
   4.27449174722036        3.05320839087168      -0.357836993757884     
   4.27449174722036        3.35852922995885      -0.329555985063747     
   4.27449174722036        3.66385006904602      -0.303636661899899     
   4.27449174722036        3.96917090813319      -0.279189012856533     
   4.27449174722036        4.27449174722036      -0.256025844892956     
   4.27449174722036        4.57981258630753      -0.234684481286600     
   4.27449174722036        4.88513342539469      -0.215697914407506     
   4.27449174722036        5.19045426448186      -0.199033510915360     
   4.27449174722036        5.49577510356903      -0.184112817774763     
   4.27449174722036        5.80109594265620      -0.170288747041988     
   4.27449174722036        6.10641678174337      -0.157339927114047     
   4.27449174722036        6.41173762083054      -0.145500018896256     
   4.27449174722036        6.71705845991770      -0.135006593233270     
   4.27449174722036        7.02237929900487      -0.126158802885339     
   4.27449174722036        7.32770013809204      -0.118336146138975     
   4.57981258630753       0.000000000000000E+000 -0.372010053947180     
   4.57981258630753       0.305320839087168      -0.400172598798632     
   4.57981258630753       0.610641678174337      -0.421813819065803     
   4.57981258630753       0.915962517261505      -0.435736624251762     
   4.57981258630753        1.22128335634867      -0.443306836753258     
   4.57981258630753        1.52660419543584      -0.445265993725446     
   4.57981258630753        1.83192503452301      -0.438208474260340     
   4.57981258630753        2.13724587361018      -0.421465608592268     
   4.57981258630753        2.44256671269735      -0.397662908257755     
   4.57981258630753        2.74788755178452      -0.370837802978378     
   4.57981258630753        3.05320839087168      -0.344198203067779     
   4.57981258630753        3.35852922995885      -0.319028551233228     
   4.57981258630753        3.66385006904602      -0.295142905061307     
   4.57981258630753        3.96917090813319      -0.272096265937014     
   4.57981258630753        4.27449174722036      -0.250017345973990     
   4.57981258630753        4.57981258630753      -0.229570497096348     
   4.57981258630753        4.88513342539469      -0.211329811150619     
   4.57981258630753        5.19045426448186      -0.195273613554467     
   4.57981258630753        5.49577510356903      -0.180848030346140     
   4.57981258630753        5.80109594265620      -0.167452432789111     
   4.57981258630753        6.10641678174337      -0.154885466343128     
   4.57981258630753        6.41173762083054      -0.143388575850045     
   4.57981258630753        6.71705845991770      -0.133221136258196     
   4.57981258630753        7.02237929900487      -0.124355210757030     
   4.57981258630753        7.32770013809204      -0.116325147500182     
   4.88513342539469       0.000000000000000E+000 -0.326924312538922     
   4.88513342539469       0.305320839087168      -0.350930466182563     
   4.88513342539469       0.610641678174337      -0.370880309119948     
   4.88513342539469       0.915962517261505      -0.387231021276603     
   4.88513342539469        1.22128335634867      -0.399042895589382     
   4.88513342539469        1.52660419543584      -0.404105129365748     
   4.88513342539469        1.83192503452301      -0.400548949151484     
   4.88513342539469        2.13724587361018      -0.388561047237112     
   4.88513342539469        2.44256671269735      -0.370463695558607     
   4.88513342539469        2.74788755178452      -0.349344968210654     
   4.88513342539469        3.05320839087168      -0.327502027445160     
   4.88513342539469        3.35852922995885      -0.305814056361134     
   4.88513342539469        3.66385006904602      -0.284269087644443     
   4.88513342539469        3.96917090813319      -0.262876030529110     
   4.88513342539469        4.27449174722036      -0.242130449152510     
   4.88513342539469        4.57981258630753      -0.222844293514784     
   4.88513342539469        4.88513342539469      -0.205596557036787     
   4.88513342539469        5.19045426448186      -0.190348664191630     
   4.88513342539469        5.49577510356903      -0.176580961212649     
   4.88513342539469        5.80109594265620      -0.163766380643244     
   4.88513342539469        6.10641678174337      -0.151742391450183     
   4.88513342539469        6.41173762083054      -0.140698082317245     
   4.88513342539469        6.71705845991770      -0.130849554068277     
   4.88513342539469        7.02237929900487      -0.122122846076838     
   4.88513342539469        7.32770013809204      -0.114134087096500     
   5.19045426448186       0.000000000000000E+000 -0.291164993011195     
   5.19045426448186       0.305320839087168      -0.311778680752825     
   5.19045426448186       0.610641678174337      -0.330184403113666     
   5.19045426448186       0.915962517261505      -0.345973779998076     
   5.19045426448186        1.22128335634867      -0.357760376311280     
   5.19045426448186        1.52660419543584      -0.363722624228757     
   5.19045426448186        1.83192503452301      -0.362686867525730     
   5.19045426448186        2.13724587361018      -0.354956411246274     
   5.19045426448186        2.44256671269735      -0.342171849032507     
   5.19045426448186        2.74788755178452      -0.326356711414029     
   5.19045426448186        3.05320839087168      -0.308951092258459     
   5.19045426448186        3.35852922995885      -0.290541580493520     
   5.19045426448186        3.66385006904602      -0.271332482177262     
   5.19045426448186        3.96917090813319      -0.251743592893781     
   5.19045426448186        4.27449174722036      -0.232578546468678     
   5.19045426448186        4.57981258630753      -0.214730502814890     
   5.19045426448186        4.88513342539469      -0.198718836426309     
   5.19045426448186        5.19045426448186      -0.184465805917201     
   5.19045426448186        5.49577510356903      -0.171508155200801     
   5.19045426448186        5.80109594265620      -0.159426571129065     
   5.19045426448186        6.10641678174337      -0.148119010221174     
   5.19045426448186        6.41173762083054      -0.137733844012885     
   5.19045426448186        6.71705845991770      -0.128392787289250     
   5.19045426448186        7.02237929900487      -0.119989084298938     
   5.19045426448186        7.32770013809204      -0.112233107631592     
   5.49577510356903       0.000000000000000E+000 -0.264440132601677     
   5.49577510356903       0.305320839087168      -0.282011894160983     
   5.49577510356903       0.610641678174337      -0.297896061351335     
   5.49577510356903       0.915962517261505      -0.311462668681130     
   5.49577510356903        1.22128335634867      -0.321583944388811     
   5.49577510356903        1.52660419543584      -0.327212188742787     
   5.49577510356903        1.83192503452301      -0.327713907227417     
   5.49577510356903        2.13724587361018      -0.323258731729457     
   5.49577510356903        2.44256671269735      -0.314726839494668     
   5.49577510356903        2.74788755178452      -0.303175699639640     
   5.49577510356903        3.05320839087168      -0.289361652257626     
   5.49577510356903        3.35852922995885      -0.273710170004658     
   5.49577510356903        3.66385006904602      -0.256664978656200     
   5.49577510356903        3.96917090813319      -0.238978749903685     
   5.49577510356903        4.27449174722036      -0.221633412739936     
   5.49577510356903        4.57981258630753      -0.205483144884838     
   5.49577510356903        4.88513342539469      -0.190920183111148     
   5.49577510356903        5.19045426448186      -0.177821424316695     
   5.49577510356903        5.49577510356903      -0.165811178003640     
   5.49577510356903        5.80109594265620      -0.154611036693191     
   5.49577510356903        6.10641678174337      -0.144193310837666     
   5.49577510356903        6.41173762083054      -0.134656374364592     
   5.49577510356903        6.71705845991770      -0.126003214460956     
   5.49577510356903        7.02237929900487      -0.118077120964489     
   5.49577510356903        7.32770013809204      -0.110634271109015     
   5.80109594265620       0.000000000000000E+000 -0.245704958512516     
   5.80109594265620       0.305320839087168      -0.260458355884199     
   5.80109594265620       0.610641678174337      -0.273204519616537     
   5.80109594265620       0.915962517261505      -0.283834146239053     
   5.80109594265620        1.22128335634867      -0.291644253517899     
   5.80109594265620        1.52660419543584      -0.296030224238462     
   5.80109594265620        1.83192503452301      -0.297045455413422     
   5.80109594265620        2.13724587361018      -0.294639408404883     
   5.80109594265620        2.44256671269735      -0.289015336231284     
   5.80109594265620        2.74788755178452      -0.280479873404762     
   5.80109594265620        3.05320839087168      -0.269306042204208     
   5.80109594265620        3.35852922995885      -0.255842900739401     
   5.80109594265620        3.66385006904602      -0.240756966730032     
   5.80109594265620        3.96917090813319      -0.225049205165829     
   5.80109594265620        4.27449174722036      -0.209731203187124     
   5.80109594265620        4.57981258630753      -0.195476384976270     
   5.80109594265620        4.88513342539469      -0.182496324742632     
   5.80109594265620        5.19045426448186      -0.170645043852794     
   5.80109594265620        5.49577510356903      -0.159677851958707     
   5.80109594265620        5.80109594265620      -0.149488582086384     
   5.80109594265620        6.10641678174337      -0.140133610710483     
   5.80109594265620        6.41173762083054      -0.131599169600824     
   5.80109594265620        6.71705845991770      -0.123821464304442     
   5.80109594265620        7.02237929900487      -0.116579796385188     
   5.80109594265620        7.32770013809204      -0.109542198659233     
   6.10641678174337       0.000000000000000E+000 -0.234468255275161     
   6.10641678174337       0.305320839087168      -0.246028762328063     
   6.10641678174337       0.610641678174337      -0.254711182459822     
   6.10641678174337       0.915962517261505      -0.261984906626377     
   6.10641678174337        1.22128335634867      -0.267363459426211     
   6.10641678174337        1.52660419543584      -0.270211644774427     
   6.10641678174337        1.83192503452301      -0.270722818057112     
   6.10641678174337        2.13724587361018      -0.269196672497747     
   6.10641678174337        2.44256671269735      -0.265268283866298     
   6.10641678174337        2.74788755178452      -0.258720268236200     
   6.10641678174337        3.05320839087168      -0.249468520202646     
   6.10641678174337        3.35852922995885      -0.237721985447226     
   6.10641678174337        3.66385006904602      -0.224329655741188     
   6.10641678174337        3.96917090813319      -0.210633073243917     
   6.10641678174337        4.27449174722036      -0.197515138141756     
   6.10641678174337        4.57981258630753      -0.185254171223862     
   6.10641678174337        4.88513342539469      -0.173850418846990     
   6.10641678174337        5.19045426448186      -0.163217116397128     
   6.10641678174337        5.49577510356903      -0.153303214595909     
   6.10641678174337        5.80109594265620      -0.144203578502313     
   6.10641678174337        6.10641678174337      -0.135943847494723     
   6.10641678174337        6.41173762083054      -0.128484446174086     
   6.10641678174337        6.71705845991770      -0.121763066623992     
   6.10641678174337        7.02237929900487      -0.115475040020690     
   6.10641678174337        7.32770013809204      -0.108991292298308     
   6.41173762083054       0.000000000000000E+000 -0.230108770303358     
   6.41173762083054       0.305320839087168      -0.236450772259347     
   6.41173762083054       0.610641678174337      -0.239546650890914     
   6.41173762083054       0.915962517261505      -0.243742084806584     
   6.41173762083054        1.22128335634867      -0.246969008636672     
   6.41173762083054        1.52660419543584      -0.248268541885674     
   6.41173762083054        1.83192503452301      -0.247936811222073     
   6.41173762083054        2.13724587361018      -0.246501172845770     
   6.41173762083054        2.44256671269735      -0.243528312384396     
   6.41173762083054        2.74788755178452      -0.238519082453827     
   6.41173762083054        3.05320839087168      -0.230743586874397     
   6.41173762083054        3.35852922995885      -0.219905555406828     
   6.41173762083054        3.66385006904602      -0.207714077852473     
   6.41173762083054        3.96917090813319      -0.196283350376200     
   6.41173762083054        4.27449174722036      -0.185784021760443     
   6.41173762083054        4.57981258630753      -0.175519518183214     
   6.41173762083054        4.88513342539469      -0.165450174593847     
   6.41173762083054        5.19045426448186      -0.155819805335227     
   6.41173762083054        5.49577510356903      -0.146839805498371     
   6.41173762083054        5.80109594265620      -0.138737688422936     
   6.41173762083054        6.10641678174337      -0.131525133632869     
   6.41173762083054        6.41173762083054      -0.125134019822715     
   6.41173762083054        6.71705845991770      -0.119502286855398     
   6.41173762083054        7.02237929900487      -0.114464794430136     
   6.41173762083054        7.32770013809204      -0.108860506243505     
   6.71705845991770       0.000000000000000E+000 -0.229192171371164     
   6.71705845991770       0.305320839087168      -0.225802639426406     
   6.71705845991770       0.610641678174337      -0.224222237515668     
   6.71705845991770       0.915962517261505      -0.227648826602454     
   6.71705845991770        1.22128335634867      -0.229151972178724     
   6.71705845991770        1.52660419543584      -0.228774609580738     
   6.71705845991770        1.83192503452301      -0.227574261627723     
   6.71705845991770        2.13724587361018      -0.226024786169234     
   6.71705845991770        2.44256671269735      -0.223846365270026     
   6.71705845991770        2.74788755178452      -0.220374015995081     
   6.71705845991770        3.05320839087168      -0.213890630995075     
   6.71705845991770        3.35852922995885      -0.203750031113128     
   6.71705845991770        3.66385006904602      -0.192525492101845     
   6.71705845991770        3.96917090813319      -0.183809579542150     
   6.71705845991770        4.27449174722036      -0.176025877931303     
   6.71705845991770        4.57981258630753      -0.167144463344232     
   6.71705845991770        4.88513342539469      -0.157697054419259     
   6.71705845991770        5.19045426448186      -0.148629511009235     
   6.71705845991770        5.49577510356903      -0.140334809488425     
   6.71705845991770        5.80109594265620      -0.133095185991446     
   6.71705845991770        6.10641678174337      -0.126933545759695     
   6.71705845991770        6.41173762083054      -0.121616144219724     
   6.71705845991770        6.71705845991770      -0.116784535748671     
   6.71705845991770        7.02237929900487      -0.112853652105885     
   6.71705845991770        7.32770013809204      -0.108765408368227     
   7.02237929900487       0.000000000000000E+000 -0.217923713779987     
   7.02237929900487       0.305320839087168      -0.209588922959174     
   7.02237929900487       0.610641678174337      -0.212415925145888     
   7.02237929900487       0.915962517261505      -0.214758770850422     
   7.02237929900487        1.22128335634867      -0.213252669101831     
   7.02237929900487        1.52660419543584      -0.210849383728168     
   7.02237929900487        1.83192503452301      -0.208827183824970     
   7.02237929900487        2.13724587361018      -0.207326769478164     
   7.02237929900487        2.44256671269735      -0.206057296967024     
   7.02237929900487        2.74788755178452      -0.204237619171554     
   7.02237929900487        3.05320839087168      -0.200152063838991     
   7.02237929900487        3.35852922995885      -0.192202576712243     
   7.02237929900487        3.66385006904602      -0.182514082284581     
   7.02237929900487        3.96917090813319      -0.176276895462388     
   7.02237929900487        4.27449174722036      -0.169640738028741     
   7.02237929900487        4.57981258630753      -0.160466740489821     
   7.02237929900487        4.88513342539469      -0.150618496059684     
   7.02237929900487        5.19045426448186      -0.141599135749006     
   7.02237929900487        5.49577510356903      -0.133768705490945     
   7.02237929900487        5.80109594265620      -0.127330949784667     
   7.02237929900487        6.10641678174337      -0.122321644548690     
   7.02237929900487        6.41173762083054      -0.118508923356866     
   7.02237929900487        6.71705845991770      -0.114882448048383     
   7.02237929900487        7.02237929900487      -0.110639237016694     
   7.02237929900487        7.32770013809204      -0.107766359787665     
   7.32770013809204       0.000000000000000E+000 -0.195946705742148     
   7.32770013809204       0.305320839087168      -0.207577138917396     
   7.32770013809204       0.610641678174337      -0.208392416210216     
   7.32770013809204       0.915962517261505      -0.202984739294256     
   7.32770013809204        1.22128335634867      -0.197641771591168     
   7.32770013809204        1.52660419543584      -0.193781030745726     
   7.32770013809204        1.83192503452301      -0.191372844432966     
   7.32770013809204        2.13724587361018      -0.190082944418405     
   7.32770013809204        2.44256671269735      -0.189516897158451     
   7.32770013809204        2.74788755178452      -0.189179624192180     
   7.32770013809204        3.05320839087168      -0.187756512291112     
   7.32770013809204        3.35852922995885      -0.182989178496264     
   7.32770013809204        3.66385006904602      -0.175240604925781     
   7.32770013809204        3.96917090813319      -0.170614708493531     
   7.32770013809204        4.27449174722036      -0.163721309600119     
   7.32770013809204        4.57981258630753      -0.153648789823287     
   7.32770013809204        4.88513342539469      -0.143377312566637     
   7.32770013809204        5.19045426448186      -0.134443681792504     
   7.32770013809204        5.49577510356903      -0.127106307627494     
   7.32770013809204        5.80109594265620      -0.121412332606972     
   7.32770013809204        6.10641678174337      -0.117456759097293     
   7.32770013809204        6.41173762083054      -0.115287745048639     
   7.32770013809204        6.71705845991770      -0.114214815566270     
   7.32770013809204        7.02237929900487      -0.110615642440055     
   7.32770013809204        7.32770013809204      -0.103673120846511     
