  0.000000000000000E+000  0.000000000000000E+000 -0.145174306115352     
  0.000000000000000E+000  0.305320839087168      -0.156032849030471     
  0.000000000000000E+000  0.610641678174337      -0.160039549310693     
  0.000000000000000E+000  0.915962517261505      -0.158983118823712     
  0.000000000000000E+000   1.22128335634867      -0.158795426838232     
  0.000000000000000E+000   1.52660419543584      -0.160773284144255     
  0.000000000000000E+000   1.83192503452301      -0.164887209022016     
  0.000000000000000E+000   2.13724587361018      -0.170883995818645     
  0.000000000000000E+000   2.44256671269735      -0.178541674195511     
  0.000000000000000E+000   2.74788755178452      -0.187345397475355     
  0.000000000000000E+000   3.05320839087168      -0.194655646091968     
  0.000000000000000E+000   3.35852922995885      -0.195789092243443     
  0.000000000000000E+000   3.66385006904602      -0.192426300655817     
  0.000000000000000E+000   3.96917090813319      -0.195731340258367     
  0.000000000000000E+000   4.27449174722036      -0.194565091186272     
  0.000000000000000E+000   4.57981258630753      -0.187274280398865     
  0.000000000000000E+000   4.88513342539469      -0.178497670165268     
  0.000000000000000E+000   5.19045426448186      -0.170851741729270     
  0.000000000000000E+000   5.49577510356903      -0.164848307469754     
  0.000000000000000E+000   5.80109594265620      -0.160701479393417     
  0.000000000000000E+000   6.10641678174337      -0.158664453728901     
  0.000000000000000E+000   6.41173762083054      -0.158774559886147     
  0.000000000000000E+000   6.71705845991770      -0.159758304269075     
  0.000000000000000E+000   7.02237929900487      -0.155740471516794     
  0.000000000000000E+000   7.32770013809204      -0.144959841666970     
  0.305320839087168       0.000000000000000E+000 -0.156072115887397     
  0.305320839087168       0.305320839087168      -0.155610102387273     
  0.305320839087168       0.610641678174337      -0.161592499684772     
  0.305320839087168       0.915962517261505      -0.165623590294147     
  0.305320839087168        1.22128335634867      -0.168304903416931     
  0.305320839087168        1.52660419543584      -0.171912646783255     
  0.305320839087168        1.83192503452301      -0.177106366400904     
  0.305320839087168        2.13724587361018      -0.183776875416962     
  0.305320839087168        2.44256671269735      -0.191425936883286     
  0.305320839087168        2.74788755178452      -0.199059774072469     
  0.305320839087168        3.05320839087168      -0.203589325504037     
  0.305320839087168        3.35852922995885      -0.201691619424026     
  0.305320839087168        3.66385006904602      -0.197805268744790     
  0.305320839087168        3.96917090813319      -0.201390571496919     
  0.305320839087168        4.27449174722036      -0.203271789715055     
  0.305320839087168        4.57981258630753      -0.198838288537913     
  0.305320839087168        4.88513342539469      -0.191298368971049     
  0.305320839087168        5.19045426448186      -0.183703614543620     
  0.305320839087168        5.49577510356903      -0.177054180505384     
  0.305320839087168        5.80109594265620      -0.171850589031023     
  0.305320839087168        6.10641678174337      -0.168206950175293     
  0.305320839087168        6.41173762083054      -0.165479886954036     
  0.305320839087168        6.71705845991770      -0.161428027201747     
  0.305320839087168        7.02237929900487      -0.155443098290658     
  0.305320839087168        7.32770013809204      -0.155770568964156     
  0.610641678174337       0.000000000000000E+000 -0.160084376214655     
  0.610641678174337       0.305320839087168      -0.161616394755730     
  0.610641678174337       0.610641678174337      -0.165332509797975     
  0.610641678174337       0.915962517261505      -0.171564751512669     
  0.610641678174337        1.22128335634867      -0.177283954315215     
  0.610641678174337        1.52660419543584      -0.183163296424357     
  0.610641678174337        1.83192503452301      -0.189902719590982     
  0.610641678174337        2.13724587361018      -0.197483722619048     
  0.610641678174337        2.44256671269735      -0.205220099212907     
  0.610641678174337        2.74788755178452      -0.211983289327501     
  0.610641678174337        3.05320839087168      -0.214953259598776     
  0.610641678174337        3.35852922995885      -0.212802336666769     
  0.610641678174337        3.66385006904602      -0.210200542347763     
  0.610641678174337        3.96917090813319      -0.212520471345458     
  0.610641678174337        4.27449174722036      -0.214610115224499     
  0.610641678174337        4.57981258630753      -0.211719233504154     
  0.610641678174337        4.88513342539469      -0.205058782613596     
  0.610641678174337        5.19045426448186      -0.197387295012356     
  0.610641678174337        5.49577510356903      -0.189844008379561     
  0.610641678174337        5.80109594265620      -0.183116680319653     
  0.610641678174337        6.10641678174337      -0.177227621140826     
  0.610641678174337        6.41173762083054      -0.171490623774750     
  0.610641678174337        6.71705845991770      -0.165238278721323     
  0.610641678174337        7.02237929900487      -0.161444360601400     
  0.610641678174337        7.32770013809204      -0.159793834485078     
  0.915962517261505       0.000000000000000E+000 -0.158996748961291     
  0.915962517261505       0.305320839087168      -0.165635826143175     
  0.915962517261505       0.610641678174337      -0.171570607777238     
  0.915962517261505       0.915962517261505      -0.178942785646165     
  0.915962517261505        1.22128335634867      -0.186786414080129     
  0.915962517261505        1.52660419543584      -0.194901597840768     
  0.915962517261505        1.83192503452301      -0.203535131321774     
  0.915962517261505        2.13724587361018      -0.212611377696787     
  0.915962517261505        2.44256671269735      -0.221398702640895     
  0.915962517261505        2.74788755178452      -0.228893906829094     
  0.915962517261505        3.05320839087168      -0.233500659476021     
  0.915962517261505        3.35852922995885      -0.234513527043516     
  0.915962517261505        3.66385006904602      -0.234141225875436     
  0.915962517261505        3.96917090813319      -0.234324942093817     
  0.915962517261505        4.27449174722036      -0.233242767459895     
  0.915962517261505        4.57981258630753      -0.228674755318666     
  0.915962517261505        4.88513342539469      -0.221244908572031     
  0.915962517261505        5.19045426448186      -0.212511531442756     
  0.915962517261505        5.49577510356903      -0.203475563017653     
  0.915962517261505        5.80109594265620      -0.194866350039078     
  0.915962517261505        6.10641678174337      -0.186756056958753     
  0.915962517261505        6.41173762083054      -0.178902176208108     
  0.915962517261505        6.71705845991770      -0.171498089241623     
  0.915962517261505        7.02237929900487      -0.165492859635413     
  0.915962517261505        7.32770013809204      -0.158790256964666     
   1.22128335634867       0.000000000000000E+000 -0.158799132953264     
   1.22128335634867       0.305320839087168      -0.168313122843824     
   1.22128335634867       0.610641678174337      -0.177293308007086     
   1.22128335634867       0.915962517261505      -0.186791980619228     
   1.22128335634867        1.22128335634867      -0.196799435786565     
   1.22128335634867        1.52660419543584      -0.207195540876231     
   1.22128335634867        1.83192503452301      -0.218060870432246     
   1.22128335634867        2.13724587361018      -0.229184409123719     
   1.22128335634867        2.44256671269735      -0.239817824455696     
   1.22128335634867        2.74788755178452      -0.249059071741898     
   1.22128335634867        3.05320839087168      -0.255952994008754     
   1.22128335634867        3.35852922995885      -0.259880339583944     
   1.22128335634867        3.66385006904602      -0.261021193584905     
   1.22128335634867        3.96917090813319      -0.259768535099232     
   1.22128335634867        4.27449174722036      -0.255787675819871     
   1.22128335634867        4.57981258630753      -0.248896947217819     
   1.22128335634867        4.88513342539469      -0.239687654533949     
   1.22128335634867        5.19045426448186      -0.229093568422518     
   1.22128335634867        5.49577510356903      -0.218004585727708     
   1.22128335634867        5.80109594265620      -0.207164128623045     
   1.22128335634867        6.10641678174337      -0.196778407374051     
   1.22128335634867        6.41173762083054      -0.186765847334698     
   1.22128335634867        6.71705845991770      -0.177244145280416     
   1.22128335634867        7.02237929900487      -0.168224216968328     
   1.22128335634867        7.32770013809204      -0.158678157180255     
   1.52660419543584       0.000000000000000E+000 -0.160789629485329     
   1.52660419543584       0.305320839087168      -0.171931871200928     
   1.52660419543584       0.610641678174337      -0.183180458093465     
   1.52660419543584       0.915962517261505      -0.194911171044621     
   1.52660419543584        1.22128335634867      -0.207196746268421     
   1.52660419543584        1.52660419543584      -0.220012113401850     
   1.52660419543584        1.83192503452301      -0.233333717055957     
   1.52660419543584        2.13724587361018      -0.246700766815162     
   1.52660419543584        2.44256671269735      -0.259441645288682     
   1.52660419543584        2.74788755178452      -0.270710334171866     
   1.52660419543584        3.05320839087168      -0.279562684150938     
   1.52660419543584        3.35852922995885      -0.285171771692734     
   1.52660419543584        3.66385006904602      -0.287059175202119     
   1.52660419543584        3.96917090813319      -0.285103155507084     
   1.52660419543584        4.27449174722036      -0.279451545465908     
   1.52660419543584        4.57981258630753      -0.270590239893376     
   1.52660419543584        4.88513342539469      -0.259337310067698     
   1.52660419543584        5.19045426448186      -0.246622774193707     
   1.52660419543584        5.49577510356903      -0.233280693948799     
   1.52660419543584        5.80109594265620      -0.219976452100885     
   1.52660419543584        6.10641678174337      -0.207170490748305     
   1.52660419543584        6.41173762083054      -0.194885215640215     
   1.52660419543584        6.71705845991770      -0.183146083000060     
   1.52660419543584        7.02237929900487      -0.171883474115589     
   1.52660419543584        7.32770013809204      -0.160730730141916     
   1.83192503452301       0.000000000000000E+000 -0.164931441677972     
   1.83192503452301       0.305320839087168      -0.177145889809500     
   1.83192503452301       0.610641678174337      -0.189927895839690     
   1.83192503452301       0.915962517261505      -0.203541259900023     
   1.83192503452301        1.22128335634867      -0.218052053820228     
   1.83192503452301        1.52660419543584      -0.233321620937997     
   1.83192503452301        1.83192503452301      -0.248961395196447     
   1.83192503452301        2.13724587361018      -0.264431771316683     
   1.83192503452301        2.44256671269735      -0.279081397694358     
   1.83192503452301        2.74788755178452      -0.292095067591883     
   1.83192503452301        3.05320839087168      -0.302477228349881     
   1.83192503452301        3.35852922995885      -0.309206015190265     
   1.83192503452301        3.66385006904602      -0.311523272471540     
   1.83192503452301        3.96917090813319      -0.309159911181338     
   1.83192503452301        4.27449174722036      -0.302399612829632     
   1.83192503452301        4.57981258630753      -0.292006731334560     
   1.83192503452301        4.88513342539469      -0.278999460327236     
   1.83192503452301        5.19045426448186      -0.264364106242925     
   1.83192503452301        5.49577510356903      -0.248906890519287     
   1.83192503452301        5.80109594265620      -0.233274320338459     
   1.83192503452301        6.10641678174337      -0.218006527031431     
   1.83192503452301        6.41173762083054      -0.203496006070290     
   1.83192503452301        6.71705845991770      -0.189885150082998     
   1.83192503452301        7.02237929900487      -0.177108964970539     
   1.83192503452301        7.32770013809204      -0.164904311354596     
   2.13724587361018       0.000000000000000E+000 -0.170969233791908     
   2.13724587361018       0.305320839087168      -0.183841336434192     
   2.13724587361018       0.610641678174337      -0.197510681716743     
   2.13724587361018       0.915962517261505      -0.212601428913150     
   2.13724587361018        1.22128335634867      -0.229150260438904     
   2.13724587361018        1.52660419543584      -0.246660317830415     
   2.13724587361018        1.83192503452301      -0.264403548046541     
   2.13724587361018        2.13724587361018      -0.281663782821720     
   2.13724587361018        2.44256671269735      -0.297774125156710     
   2.13724587361018        2.74788755178452      -0.311980111346423     
   2.13724587361018        3.05320839087168      -0.323311074641224     
   2.13724587361018        3.35852922995885      -0.330678524655293     
   2.13724587361018        3.66385006904602      -0.333227715922995     
   2.13724587361018        3.96917090813319      -0.330647539533899     
   2.13724587361018        4.27449174722036      -0.323257456188799     
   2.13724587361018        4.57981258630753      -0.311915847648105     
   2.13724587361018        4.88513342539469      -0.297708895435388     
   2.13724587361018        5.19045426448186      -0.281601188552884     
   2.13724587361018        5.49577510356903      -0.264341282243717     
   2.13724587361018        5.80109594265620      -0.246593446894830     
   2.13724587361018        6.10641678174337      -0.229075518440988     
   2.13724587361018        6.41173762083054      -0.212520746878445     
   2.13724587361018        6.71705845991770      -0.197433367155142     
   2.13724587361018        7.02237929900487      -0.183783150740277     
   2.13724587361018        7.32770013809204      -0.170944445123972     
   2.44256671269735       0.000000000000000E+000 -0.178690021958303     
   2.44256671269735       0.305320839087168      -0.191521981800012     
   2.44256671269735       0.610641678174337      -0.205235229871742     
   2.44256671269735       0.915962517261505      -0.221350890463632     
   2.44256671269735        1.22128335634867      -0.239737273859573     
   2.44256671269735        1.52660419543584      -0.259355322003819     
   2.44256671269735        1.83192503452301      -0.279010963755778     
   2.44256671269735        2.13724587361018      -0.297734982906202     
   2.44256671269735        2.44256671269735      -0.314822323988774     
   2.44256671269735        2.74788755178452      -0.329624443741917     
   2.44256671269735        3.05320839087168      -0.341311784670990     
   2.44256671269735        3.35852922995885      -0.348878553313887     
   2.44256671269735        3.66385006904602      -0.351495710342519     
   2.44256671269735        3.96917090813319      -0.348858495154880     
   2.44256671269735        4.27449174722036      -0.341275710432448     
   2.44256671269735        4.57981258630753      -0.329577818342416     
   2.44256671269735        4.88513342539469      -0.314768670017286     
   2.44256671269735        5.19045426448186      -0.297673827438641     
   2.44256671269735        5.49577510356903      -0.278938426798420     
   2.44256671269735        5.80109594265620      -0.259266140171583     
   2.44256671269735        6.10641678174337      -0.239627514605293     
   2.44256671269735        6.41173762083054      -0.221221035836639     
   2.44256671269735        6.71705845991770      -0.205097557200094     
   2.44256671269735        7.02237929900487      -0.191410868169831     
   2.44256671269735        7.32770013809204      -0.178648193487668     
   2.74788755178452       0.000000000000000E+000 -0.187561967047096     
   2.74788755178452       0.305320839087168      -0.199170862793389     
   2.74788755178452       0.610641678174337      -0.211949192830137     
   2.74788755178452       0.915962517261505      -0.228769588689893     
   2.74788755178452        1.22128335634867      -0.248906627132803     
   2.74788755178452        1.52660419543584      -0.270563197435693     
   2.74788755178452        1.83192503452301      -0.291974037462574     
   2.74788755178452        2.13724587361018      -0.311897940252550     
   2.74788755178452        2.44256671269735      -0.329585296917253     
   2.74788755178452        2.74788755178452      -0.344521643688447     
   2.74788755178452        3.05320839087168      -0.356122012624075     
   2.74788755178452        3.35852922995885      -0.363595939352930     
   2.74788755178452        3.66385006904602      -0.366186770723759     
   2.74788755178452        3.96917090813319      -0.363583560402088     
   2.74788755178452        4.27449174722036      -0.356098497990676     
   2.74788755178452        4.57981258630753      -0.344488077597200     
   2.74788755178452        4.88513342539469      -0.329541015177600     
   2.74788755178452        5.19045426448186      -0.311839785660207     
   2.74788755178452        5.49577510356903      -0.291896745944078     
   2.74788755178452        5.80109594265620      -0.270459790468250     
   2.74788755178452        6.10641678174337      -0.248767226687311     
   2.74788755178452        6.41173762083054      -0.228579413057718     
   2.74788755178452        6.71705845991770      -0.211716410300654     
   2.74788755178452        7.02237929900487      -0.198969670367631     
   2.74788755178452        7.32770013809204      -0.187486393278221     
   3.05320839087168       0.000000000000000E+000 -0.194889841619349     
   3.05320839087168       0.305320839087168      -0.203634294953861     
   3.05320839087168       0.610641678174337      -0.214783420032700     
   3.05320839087168       0.915962517261505      -0.233242537308932     
   3.05320839087168        1.22128335634867      -0.255704968815207     
   3.05320839087168        1.52660419543584      -0.279349028242365     
   3.05320839087168        1.83192503452301      -0.302306658941068     
   3.05320839087168        2.13724587361018      -0.323190144089448     
   3.05320839087168        2.44256671269735      -0.341240263921238     
   3.05320839087168        2.74788755178452      -0.356092286162108     
   3.05320839087168        3.05320839087168      -0.367457113915052     
   3.05320839087168        3.35852922995885      -0.374807045367444     
   3.05320839087168        3.66385006904602      -0.377387750421693     
   3.05320839087168        3.96917090813319      -0.374800001695337     
   3.05320839087168        4.27449174722036      -0.367442824876439     
   3.05320839087168        4.57981258630753      -0.356069703269196     
   3.05320839087168        4.88513342539469      -0.341207026812044     
   3.05320839087168        5.19045426448186      -0.323142371850090     
   3.05320839087168        5.49577510356903      -0.302238857337207     
   3.05320839087168        5.80109594265620      -0.279252647378203     
   3.05320839087168        6.10641678174337      -0.255561079457134     
   3.05320839087168        6.41173762083054      -0.233015684575373     
   3.05320839087168        6.71705845991770      -0.214477324910958     
   3.05320839087168        7.02237929900487      -0.203343415229889     
   3.05320839087168        7.32770013809204      -0.194789782721251     
   3.35852922995885       0.000000000000000E+000 -0.195908110168282     
   3.35852922995885       0.305320839087168      -0.201536184233188     
   3.35852922995885       0.610641678174337      -0.212419527076530     
   3.35852922995885       0.915962517261505      -0.234101664437669     
   3.35852922995885        1.22128335634867      -0.259537109475415     
   3.35852922995885        1.52660419543584      -0.284904206264869     
   3.35852922995885        1.83192503452301      -0.308999270488534     
   3.35852922995885        2.13724587361018      -0.330531111750921     
   3.35852922995885        2.44256671269735      -0.348786279576017     
   3.35852922995885        2.74788755178452      -0.363548382756778     
   3.35852922995885        3.05320839087168      -0.374790160681236     
   3.35852922995885        3.35852922995885      -0.382189352337586     
   3.35852922995885        3.66385006904602      -0.384858910886403     
   3.35852922995885        3.96917090813319      -0.382186173590668     
   3.35852922995885        4.27449174722036      -0.374783289978114     
   3.35852922995885        4.57981258630753      -0.363536795492643     
   3.35852922995885        4.88513342539469      -0.348768034366456     
   3.35852922995885        5.19045426448186      -0.330503658283608     
   3.35852922995885        5.49577510356903      -0.308959018020285     
   3.35852922995885        5.80109594265620      -0.284844496272652     
   3.35852922995885        6.10641678174337      -0.259439248349618     
   3.35852922995885        6.41173762083054      -0.233935023692650     
   3.35852922995885        6.71705845991770      -0.212167959983840     
   3.35852922995885        7.02237929900487      -0.201263763074087     
   3.35852922995885        7.32770013809204      -0.195844060434174     
   3.66385006904602       0.000000000000000E+000 -0.192381867768413     
   3.66385006904602       0.305320839087168      -0.197490915947845     
   3.66385006904602       0.610641678174337      -0.209704611686934     
   3.66385006904602       0.915962517261505      -0.233663487291230     
   3.66385006904602        1.22128335634867      -0.260640796666648     
   3.66385006904602        1.52660419543584      -0.286773118598711     
   3.66385006904602        1.83192503452301      -0.311304998107736     
   3.66385006904602        2.13724587361018      -0.333072032800902     
   3.66385006904602        2.44256671269735      -0.351396947062606     
   3.66385006904602        2.74788755178452      -0.366133614351459     
   3.66385006904602        3.05320839087168      -0.377365570766881     
   3.66385006904602        3.35852922995885      -0.384853646100718     
   3.66385006904602        3.66385006904602      -0.387606213817799     
   3.66385006904602        3.96917090813319      -0.384853613844564     
   3.66385006904602        4.27449174722036      -0.377365547385064     
   3.66385006904602        4.57981258630753      -0.366133584989539     
   3.66385006904602        4.88513342539469      -0.351396893258759     
   3.66385006904602        5.19045426448186      -0.333072065225758     
   3.66385006904602        5.49577510356903      -0.311305087060554     
   3.66385006904602        5.80109594265620      -0.286773348104020     
   3.66385006904602        6.10641678174337      -0.260641037809998     
   3.66385006904602        6.41173762083054      -0.233663733511463     
   3.66385006904602        6.71705845991770      -0.209704606000724     
   3.66385006904602        7.02237929900487      -0.197490297533108     
   3.66385006904602        7.32770013809204      -0.192381690268740     
   3.96917090813319       0.000000000000000E+000 -0.195844469366785     
   3.96917090813319       0.305320839087168      -0.201264202727099     
   3.96917090813319       0.610641678174337      -0.212167913171607     
   3.96917090813319       0.915962517261505      -0.233934801271491     
   3.96917090813319        1.22128335634867      -0.259439061848067     
   3.96917090813319        1.52660419543584      -0.284844334598984     
   3.96917090813319        1.83192503452301      -0.308958913070226     
   3.96917090813319        2.13724587361018      -0.330503625542116     
   3.96917090813319        2.44256671269735      -0.348768033429453     
   3.96917090813319        2.74788755178452      -0.363536689704722     
   3.96917090813319        3.05320839087168      -0.374783194713658     
   3.96917090813319        3.35852922995885      -0.382186036512380     
   3.96917090813319        3.66385006904602      -0.384858738804157     
   3.96917090813319        3.96917090813319      -0.382189217396507     
   3.96917090813319        4.27449174722036      -0.374790024837301     
   3.96917090813319        4.57981258630753      -0.363548295008590     
   3.96917090813319        4.88513342539469      -0.348786216097438     
   3.96917090813319        5.19045426448186      -0.330531172835976     
   3.96917090813319        5.49577510356903      -0.308999454456641     
   3.96917090813319        5.80109594265620      -0.284904483753133     
   3.96917090813319        6.10641678174337      -0.259537382291193     
   3.96917090813319        6.41173762083054      -0.234101877632815     
   3.96917090813319        6.71705845991770      -0.212419385771625     
   3.96917090813319        7.02237929900487      -0.201535534180404     
   3.96917090813319        7.32770013809204      -0.195907734260251     
   4.27449174722036       0.000000000000000E+000 -0.194790416839496     
   4.27449174722036       0.305320839087168      -0.203343840322479     
   4.27449174722036       0.610641678174337      -0.214477354503984     
   4.27449174722036       0.915962517261505      -0.233015519748455     
   4.27449174722036        1.22128335634867      -0.255560872393974     
   4.27449174722036        1.52660419543584      -0.279252484330575     
   4.27449174722036        1.83192503452301      -0.302238758466817     
   4.27449174722036        2.13724587361018      -0.323142287896244     
   4.27449174722036        2.44256671269735      -0.341206927557106     
   4.27449174722036        2.74788755178452      -0.356069516758368     
   4.27449174722036        3.05320839087168      -0.367442570391335     
   4.27449174722036        3.35852922995885      -0.374799694581874     
   4.27449174722036        3.66385006904602      -0.377387445313066     
   4.27449174722036        3.96917090813319      -0.374806760859808     
   4.27449174722036        4.27449174722036      -0.367456901047080     
   4.27449174722036        4.57981258630753      -0.356092117099719     
   4.27449174722036        4.88513342539469      -0.341240273606219     
   4.27449174722036        5.19045426448186      -0.323190253057481     
   4.27449174722036        5.49577510356903      -0.302306915242696     
   4.27449174722036        5.80109594265620      -0.279349374810878     
   4.27449174722036        6.10641678174337      -0.255705296742512     
   4.27449174722036        6.41173762083054      -0.233242714040374     
   4.27449174722036        6.71705845991770      -0.214783334446653     
   4.27449174722036        7.02237929900487      -0.203634006067660     
   4.27449174722036        7.32770013809204      -0.194889863152860     
   4.57981258630753       0.000000000000000E+000 -0.187486703174426     
   4.57981258630753       0.305320839087168      -0.198969846295957     
   4.57981258630753       0.610641678174337      -0.211716331202190     
   4.57981258630753       0.915962517261505      -0.228579195486715     
   4.57981258630753        1.22128335634867      -0.248766973644232     
   4.57981258630753        1.52660419543584      -0.270459584000838     
   4.57981258630753        1.83192503452301      -0.291896582203460     
   4.57981258630753        2.13724587361018      -0.311839629361463     
   4.57981258630753        2.44256671269735      -0.329540790125504     
   4.57981258630753        2.74788755178452      -0.344487755769194     
   4.57981258630753        3.05320839087168      -0.356098089155384     
   4.57981258630753        3.35852922995885      -0.363583145188224     
   4.57981258630753        3.66385006904602      -0.366186316448645     
   4.57981258630753        3.96917090813319      -0.363595543646320     
   4.57981258630753        4.27449174722036      -0.356121676714491     
   4.57981258630753        4.57981258630753      -0.344521471105393     
   4.57981258630753        4.88513342539469      -0.329585286762075     
   4.57981258630753        5.19045426448186      -0.311898073192394     
   4.57981258630753        5.49577510356903      -0.291974343311589     
   4.57981258630753        5.80109594265620      -0.270563565757456     
   4.57981258630753        6.10641678174337      -0.248906961718639     
   4.57981258630753        6.41173762083054      -0.228769759847882     
   4.57981258630753        6.71705845991770      -0.211949172688859     
   4.57981258630753        7.02237929900487      -0.199170760669626     
   4.57981258630753        7.32770013809204      -0.187562010499509     
   4.88513342539469       0.000000000000000E+000 -0.178648089404535     
   4.88513342539469       0.305320839087168      -0.191410666688097     
   4.88513342539469       0.610641678174337      -0.205097224739709     
   4.88513342539469       0.915962517261505      -0.221220647527041     
   4.88513342539469        1.22128335634867      -0.239627165001346     
   4.88513342539469        1.52660419543584      -0.259265854372754     
   4.88513342539469        1.83192503452301      -0.278938174701178     
   4.88513342539469        2.13724587361018      -0.297673578192652     
   4.88513342539469        2.44256671269735      -0.314768343357230     
   4.88513342539469        2.74788755178452      -0.329577378406953     
   4.88513342539469        3.05320839087168      -0.341275152598326     
   4.88513342539469        3.35852922995885      -0.348857871442132     
   4.88513342539469        3.66385006904602      -0.351495091561984     
   4.88513342539469        3.96917090813319      -0.348878015917052     
   4.88513342539469        4.27449174722036      -0.341311448037083     
   4.88513342539469        4.57981258630753      -0.329624250490504     
   4.88513342539469        4.88513342539469      -0.314822355588133     
   4.88513342539469        5.19045426448186      -0.297735172156260     
   4.88513342539469        5.49577510356903      -0.279011296991510     
   4.88513342539469        5.80109594265620      -0.259355681719801     
   4.88513342539469        6.10641678174337      -0.239737550047845     
   4.88513342539469        6.41173762083054      -0.221351030020323     
   4.88513342539469        6.71705845991770      -0.205235180210128     
   4.88513342539469        7.02237929900487      -0.191521813635409     
   4.88513342539469        7.32770013809204      -0.178689840226563     
   5.19045426448186       0.000000000000000E+000 -0.170943947104263     
   5.19045426448186       0.305320839087168      -0.183782605640589     
   5.19045426448186       0.610641678174337      -0.197432803437054     
   5.19045426448186       0.915962517261505      -0.212520209471308     
   5.19045426448186        1.22128335634867      -0.229075073531808     
   5.19045426448186        1.52660419543584      -0.246593100151592     
   5.19045426448186        1.83192503452301      -0.264340981372570     
   5.19045426448186        2.13724587361018      -0.281600883670706     
   5.19045426448186        2.44256671269735      -0.297708512014591     
   5.19045426448186        2.74788755178452      -0.311915338070389     
   5.19045426448186        3.05320839087168      -0.323256843642808     
   5.19045426448186        3.35852922995885      -0.330646860970212     
   5.19045426448186        3.66385006904602      -0.333227052701648     
   5.19045426448186        3.96917090813319      -0.330677950860242     
   5.19045426448186        4.27449174722036      -0.323310663166237     
   5.19045426448186        4.57981258630753      -0.311979886385991     
   5.19045426448186        4.88513342539469      -0.297774143052619     
   5.19045426448186        5.19045426448186      -0.281663967777812     
   5.19045426448186        5.49577510356903      -0.264403860496418     
   5.19045426448186        5.80109594265620      -0.246660622956313     
   5.19045426448186        6.10641678174337      -0.229150481736418     
   5.19045426448186        6.41173762083054      -0.212601470623389     
   5.19045426448186        6.71705845991770      -0.197510515748678     
   5.19045426448186        7.02237929900487      -0.183840988670214     
   5.19045426448186        7.32770013809204      -0.170968790037416     
   5.49577510356903       0.000000000000000E+000 -0.164903478471814     
   5.49577510356903       0.305320839087168      -0.177108140486505     
   5.49577510356903       0.610641678174337      -0.189884398484121     
   5.49577510356903       0.915962517261505      -0.203495358382618     
   5.49577510356903        1.22128335634867      -0.218006004381824     
   5.49577510356903        1.52660419543584      -0.233273924925001     
   5.49577510356903        1.83192503452301      -0.248906572154820     
   5.49577510356903        2.13724587361018      -0.264363798999324     
   5.49577510356903        2.44256671269735      -0.278999095860944     
   5.49577510356903        2.74788755178452      -0.292006236892079     
   5.49577510356903        3.05320839087168      -0.302398990286216     
   5.49577510356903        3.35852922995885      -0.309159232205195     
   5.49577510356903        3.66385006904602      -0.311522548277887     
   5.49577510356903        3.96917090813319      -0.309205421398811     
   5.49577510356903        4.27449174722036      -0.302476819007576     
   5.49577510356903        4.57981258630753      -0.292094881868057     
   5.49577510356903        4.88513342539469      -0.279081439224044     
   5.49577510356903        5.19045426448186      -0.264431970769208     
   5.49577510356903        5.49577510356903      -0.248961679315133     
   5.49577510356903        5.80109594265620      -0.233321864638718     
   5.49577510356903        6.10641678174337      -0.218052196905313     
   5.49577510356903        6.41173762083054      -0.203541208718311     
   5.49577510356903        6.71705845991770      -0.189927610293593     
   5.49577510356903        7.02237929900487      -0.177145377965446     
   5.49577510356903        7.32770013809204      -0.164930763469317     
   5.80109594265620       0.000000000000000E+000 -0.160729686390494     
   5.80109594265620       0.305320839087168      -0.171882496689673     
   5.80109594265620       0.610641678174337      -0.183145232990754     
   5.80109594265620       0.915962517261505      -0.194884512378799     
   5.80109594265620        1.22128335634867      -0.207169941441567     
   5.80109594265620        1.52660419543584      -0.219976052998062     
   5.80109594265620        1.83192503452301      -0.233280392258043     
   5.80109594265620        2.13724587361018      -0.246622490559686     
   5.80109594265620        2.44256671269735      -0.259336984347359     
   5.80109594265620        2.74788755178452      -0.270589798001753     
   5.80109594265620        3.05320839087168      -0.279450970855856     
   5.80109594265620        3.35852922995885      -0.285102465319285     
   5.80109594265620        3.66385006904602      -0.287058475752595     
   5.80109594265620        3.96917090813319      -0.285171143935632     
   5.80109594265620        4.27449174722036      -0.279562262422954     
   5.80109594265620        4.57981258630753      -0.270710144668884     
   5.80109594265620        4.88513342539469      -0.259441675408004     
   5.80109594265620        5.19045426448186      -0.246700935909165     
   5.80109594265620        5.49577510356903      -0.233333942239596     
   5.80109594265620        5.80109594265620      -0.220012310787044     
   5.80109594265620        6.10641678174337      -0.207196800712480     
   5.80109594265620        6.41173762083054      -0.194911010391127     
   5.80109594265620        6.71705845991770      -0.183180022875840     
   5.80109594265620        7.02237929900487      -0.171931167917954     
   5.80109594265620        7.32770013809204      -0.160788718755320     
   6.10641678174337       0.000000000000000E+000 -0.158677086224874     
   6.10641678174337       0.305320839087168      -0.168223282340195     
   6.10641678174337       0.610641678174337      -0.177243362478513     
   6.10641678174337       0.915962517261505      -0.186765202163018     
   6.10641678174337        1.22128335634867      -0.196777902805969     
   6.10641678174337        1.52660419543584      -0.207163765248098     
   6.10641678174337        1.83192503452301      -0.218004336848378     
   6.10641678174337        2.13724587361018      -0.229093349487480     
   6.10641678174337        2.44256671269735      -0.239687397950283     
   6.10641678174337        2.74788755178452      -0.248896579224553     
   6.10641678174337        3.05320839087168      -0.255787149396357     
   6.10641678174337        3.35852922995885      -0.259767787282852     
   6.10641678174337        3.66385006904602      -0.261020342045843     
   6.10641678174337        3.96917090813319      -0.259879541967604     
   6.10641678174337        4.27449174722036      -0.255952477599707     
   6.10641678174337        4.57981258630753      -0.249058856380601     
   6.10641678174337        4.88513342539469      -0.239817826438086     
   6.10641678174337        5.19045426448186      -0.229184570050945     
   6.10641678174337        5.49577510356903      -0.218061076972535     
   6.10641678174337        5.80109594265620      -0.207195678358667     
   6.10641678174337        6.10641678174337      -0.196799392477566     
   6.10641678174337        6.41173762083054      -0.186791697646013     
   6.10641678174337        6.71705845991770      -0.177292704364753     
   6.10641678174337        7.02237929900487      -0.168312151044619     
   6.10641678174337        7.32770013809204      -0.158797945984106     
   6.41173762083054       0.000000000000000E+000 -0.158789454075646     
   6.41173762083054       0.305320839087168      -0.165492325971185     
   6.41173762083054       0.610641678174337      -0.171497586585888     
   6.41173762083054       0.915962517261505      -0.178901701864699     
   6.41173762083054        1.22128335634867      -0.186755680033541     
   6.41173762083054        1.52660419543584      -0.194866081290469     
   6.41173762083054        1.83192503452301      -0.203475379852914     
   6.41173762083054        2.13724587361018      -0.212511387340673     
   6.41173762083054        2.44256671269735      -0.221244728486417     
   6.41173762083054        2.74788755178452      -0.228674449999058     
   6.41173762083054        3.05320839087168      -0.233242309982452     
   6.41173762083054        3.35852922995885      -0.234324289495948     
   6.41173762083054        3.66385006904602      -0.234140350921690     
   6.41173762083054        3.96917090813319      -0.234512605366160     
   6.41173762083054        4.27449174722036      -0.233499965215852     
   6.41173762083054        4.57981258630753      -0.228893603320375     
   6.41173762083054        4.88513342539469      -0.221398705319713     
   6.41173762083054        5.19045426448186      -0.212611517047859     
   6.41173762083054        5.49577510356903      -0.203535311815035     
   6.41173762083054        5.80109594265620      -0.194901693599621     
   6.41173762083054        6.10641678174337      -0.186786313899488     
   6.41173762083054        6.41173762083054      -0.178942411069591     
   6.41173762083054        6.71705845991770      -0.171569858803497     
   6.41173762083054        7.02237929900487      -0.165634546876799     
   6.41173762083054        7.32770013809204      -0.158995219183319     
   6.71705845991770       0.000000000000000E+000 -0.159793655247598     
   6.71705845991770       0.305320839087168      -0.161444612840194     
   6.71705845991770       0.610641678174337      -0.165238153612482     
   6.71705845991770       0.915962517261505      -0.171490380386323     
   6.71705845991770        1.22128335634867      -0.177227446544712     
   6.71705845991770        1.52660419543584      -0.183116569701207     
   6.71705845991770        1.83192503452301      -0.189843918806162     
   6.71705845991770        2.13724587361018      -0.197387203198600     
   6.71705845991770        2.44256671269735      -0.205058649452279     
   6.71705845991770        2.74788755178452      -0.211718998708779     
   6.71705845991770        3.05320839087168      -0.214609728297713     
   6.71705845991770        3.35852922995885      -0.212519863402878     
   6.71705845991770        3.66385006904602      -0.210199529198187     
   6.71705845991770        3.96917090813319      -0.212801146784265     
   6.71705845991770        4.27449174722036      -0.214952425474100     
   6.71705845991770        4.57981258630753      -0.211982956240275     
   6.71705845991770        4.88513342539469      -0.205220104383995     
   6.71705845991770        5.19045426448186      -0.197483857662776     
   6.71705845991770        5.49577510356903      -0.189902891261869     
   6.71705845991770        5.80109594265620      -0.183163367929174     
   6.71705845991770        6.10641678174337      -0.177283832119538     
   6.71705845991770        6.41173762083054      -0.171564369856407     
   6.71705845991770        6.71705845991770      -0.165331730982024     
   6.71705845991770        7.02237929900487      -0.161614861713126     
   6.71705845991770        7.32770013809204      -0.160082576162389     
   7.02237929900487       0.000000000000000E+000 -0.155771003838336     
   7.02237929900487       0.305320839087168      -0.155443535140431     
   7.02237929900487       0.610641678174337      -0.161427991799323     
   7.02237929900487       0.915962517261505      -0.165479882106330     
   7.02237929900487        1.22128335634867      -0.168207029409259     
   7.02237929900487        1.52660419543584      -0.171850673442940     
   7.02237929900487        1.83192503452301      -0.177054217987587     
   7.02237929900487        2.13724587361018      -0.183703582427761     
   7.02237929900487        2.44256671269735      -0.191298263163762     
   7.02237929900487        2.74788755178452      -0.198838067516832     
   7.02237929900487        3.05320839087168      -0.203271422877738     
   7.02237929900487        3.35852922995885      -0.201389984102898     
   7.02237929900487        3.66385006904602      -0.197804187646830     
   7.02237929900487        3.96917090813319      -0.201690372101594     
   7.02237929900487        4.27449174722036      -0.203588573285291     
   7.02237929900487        4.57981258630753      -0.199059564255049     
   7.02237929900487        4.88513342539469      -0.191426017063548     
   7.02237929900487        5.19045426448186      -0.183777023431732     
   7.02237929900487        5.49577510356903      -0.177106542510596     
   7.02237929900487        5.80109594265620      -0.171912733926814     
   7.02237929900487        6.10641678174337      -0.168304793978000     
   7.02237929900487        6.41173762083054      -0.165623234590990     
   7.02237929900487        6.71705845991770      -0.161591787886605     
   7.02237929900487        7.02237929900487      -0.155608879948018     
   7.02237929900487        7.32770013809204      -0.156070961065713     
   7.32770013809204       0.000000000000000E+000 -0.144959861680540     
   7.32770013809204       0.305320839087168      -0.155740472337515     
   7.32770013809204       0.610641678174337      -0.159758586630025     
   7.32770013809204       0.915962517261505      -0.158774879801330     
   7.32770013809204        1.22128335634867      -0.158664766476031     
   7.32770013809204        1.52660419543584      -0.160701730699128     
   7.32770013809204        1.83192503452301      -0.164848453146036     
   7.32770013809204        2.13724587361018      -0.170851777672679     
   7.32770013809204        2.44256671269735      -0.178497630509868     
   7.32770013809204        2.74788755178452      -0.187274213645465     
   7.32770013809204        3.05320839087168      -0.194564995779132     
   7.32770013809204        3.35852922995885      -0.195731392990703     
   7.32770013809204        3.66385006904602      -0.192426321102893     
   7.32770013809204        3.96917090813319      -0.195788707607749     
   7.32770013809204        4.27449174722036      -0.194655538592791     
   7.32770013809204        4.57981258630753      -0.187345508565941     
   7.32770013809204        4.88513342539469      -0.178541859291428     
   7.32770013809204        5.19045426448186      -0.170884173200030     
   7.32770013809204        5.49577510356903      -0.164887383296277     
   7.32770013809204        5.80109594265620      -0.160773389824173     
   7.32770013809204        6.10641678174337      -0.158795406429190     
   7.32770013809204        6.41173762083054      -0.158982906955440     
   7.32770013809204        6.71705845991770      -0.160039101739134     
   7.32770013809204        7.02237929900487      -0.156032460723649     
   7.32770013809204        7.32770013809204      -0.145173698757323     
