  0.000000000000000E+000  0.000000000000000E+000 -0.343189353291579     
  0.000000000000000E+000  0.305320839087168      -0.372756869042636     
  0.000000000000000E+000  0.610641678174337      -0.382398034955208     
  0.000000000000000E+000  0.915962517261505      -0.374772336137599     
  0.000000000000000E+000   1.22128335634867      -0.367080035354667     
  0.000000000000000E+000   1.52660419543584      -0.360769464760768     
  0.000000000000000E+000   1.83192503452301      -0.354471100412739     
  0.000000000000000E+000   2.13724587361018      -0.347823597631440     
  0.000000000000000E+000   2.44256671269735      -0.342469573770519     
  0.000000000000000E+000   2.74788755178452      -0.335562874319069     
  0.000000000000000E+000   3.05320839087168      -0.325761806547509     
  0.000000000000000E+000   3.35852922995885      -0.312786550008860     
  0.000000000000000E+000   3.66385006904602      -0.291742863401262     
  0.000000000000000E+000   3.96917090813319      -0.277903514646501     
  0.000000000000000E+000   4.27449174722036      -0.256830109762942     
  0.000000000000000E+000   4.57981258630753      -0.227745578096757     
  0.000000000000000E+000   4.88513342539469      -0.200091775455188     
  0.000000000000000E+000   5.19045426448186      -0.177815772684388     
  0.000000000000000E+000   5.49577510356903      -0.161050546020984     
  0.000000000000000E+000   5.80109594265620      -0.149539973378152     
  0.000000000000000E+000   6.10641678174337      -0.143097980884917     
  0.000000000000000E+000   6.41173762083054      -0.141281214750760     
  0.000000000000000E+000   6.71705845991770      -0.141789126186685     
  0.000000000000000E+000   7.02237929900487      -0.135595733463699     
  0.000000000000000E+000   7.32770013809204      -0.123069501347295     
  0.305320839087168       0.000000000000000E+000 -0.372807399998826     
  0.305320839087168       0.305320839087168      -0.349486495384134     
  0.305320839087168       0.610641678174337      -0.376162479200041     
  0.305320839087168       0.915962517261505      -0.396835393114457     
  0.305320839087168        1.22128335634867      -0.401748928376469     
  0.305320839087168        1.52660419543584      -0.399259558278275     
  0.305320839087168        1.83192503452301      -0.393078976132225     
  0.305320839087168        2.13724587361018      -0.384828822575994     
  0.305320839087168        2.44256671269735      -0.377418137606431     
  0.305320839087168        2.74788755178452      -0.366792836962163     
  0.305320839087168        3.05320839087168      -0.349056147929333     
  0.305320839087168        3.35852922995885      -0.325080118508298     
  0.305320839087168        3.66385006904602      -0.300606452637321     
  0.305320839087168        3.96917090813319      -0.281728488854178     
  0.305320839087168        4.27449174722036      -0.259992302367997     
  0.305320839087168        4.57981258630753      -0.233037270620815     
  0.305320839087168        4.88513342539469      -0.206661186652271     
  0.305320839087168        5.19045426448186      -0.184696978443893     
  0.305320839087168        5.49577510356903      -0.167441707575450     
  0.305320839087168        5.80109594265620      -0.154843896627542     
  0.305320839087168        6.10641678174337      -0.146595573456982     
  0.305320839087168        6.41173762083054      -0.141713519169986     
  0.305320839087168        6.71705845991770      -0.137371366889818     
  0.305320839087168        7.02237929900487      -0.131151106140668     
  0.305320839087168        7.32770013809204      -0.127963223072256     
  0.610641678174337       0.000000000000000E+000 -0.382453434549482     
  0.610641678174337       0.305320839087168      -0.376195757388262     
  0.610641678174337       0.610641678174337      -0.391689710787465     
  0.610641678174337       0.915962517261505      -0.418049719508198     
  0.610641678174337        1.22128335634867      -0.431569831488405     
  0.610641678174337        1.52660419543584      -0.433633409193753     
  0.610641678174337        1.83192503452301      -0.428100058882613     
  0.610641678174337        2.13724587361018      -0.419197589057125     
  0.610641678174337        2.44256671269735      -0.408898026003901     
  0.610641678174337        2.74788755178452      -0.394578983049928     
  0.610641678174337        3.05320839087168      -0.370756065190853     
  0.610641678174337        3.35852922995885      -0.338777228846879     
  0.610641678174337        3.66385006904602      -0.306421362430025     
  0.610641678174337        3.96917090813319      -0.280587834187257     
  0.610641678174337        4.27449174722036      -0.257258154953694     
  0.610641678174337        4.57981258630753      -0.232983422606909     
  0.610641678174337        4.88513342539469      -0.209535167174364     
  0.610641678174337        5.19045426448186      -0.189249389519885     
  0.610641678174337        5.49577510356903      -0.172362489127398     
  0.610641678174337        5.80109594265620      -0.159134320108393     
  0.610641678174337        6.10641678174337      -0.149360144200034     
  0.610641678174337        6.41173762083054      -0.142068800600017     
  0.610641678174337        6.71705845991770      -0.136049966118732     
  0.610641678174337        7.02237929900487      -0.131817502984047     
  0.610641678174337        7.32770013809204      -0.126882411118735     
  0.915962517261505       0.000000000000000E+000 -0.374786266285737     
  0.915962517261505       0.305320839087168      -0.396850595152858     
  0.915962517261505       0.610641678174337      -0.418055897026325     
  0.915962517261505       0.915962517261505      -0.441341880946013     
  0.915962517261505        1.22128335634867      -0.456460631575668     
  0.915962517261505        1.52660419543584      -0.460713333314511     
  0.915962517261505        1.83192503452301      -0.455853581092374     
  0.915962517261505        2.13724587361018      -0.447879657539722     
  0.915962517261505        2.44256671269735      -0.434995172985729     
  0.915962517261505        2.74788755178452      -0.415686318681920     
  0.915962517261505        3.05320839087168      -0.388777513020685     
  0.915962517261505        3.35852922995885      -0.354005914637994     
  0.915962517261505        3.66385006904602      -0.317549370053373     
  0.915962517261505        3.96917090813319      -0.285377410303876     
  0.915962517261505        4.27449174722036      -0.257991588279086     
  0.915962517261505        4.57981258630753      -0.233606337956089     
  0.915962517261505        4.88513342539469      -0.211676172803958     
  0.915962517261505        5.19045426448186      -0.192444891495721     
  0.915962517261505        5.49577510356903      -0.176046373047655     
  0.915962517261505        5.80109594265620      -0.162580893159796     
  0.915962517261505        6.10641678174337      -0.151940364101750     
  0.915962517261505        6.41173762083054      -0.143532184028504     
  0.915962517261505        6.71705845991770      -0.136824456325011     
  0.915962517261505        7.02237929900487      -0.131162379008615     
  0.915962517261505        7.32770013809204      -0.123957687452814     
   1.22128335634867       0.000000000000000E+000 -0.367082997055199     
   1.22128335634867       0.305320839087168      -0.401755237034588     
   1.22128335634867       0.610641678174337      -0.431574515380914     
   1.22128335634867       0.915962517261505      -0.456460865437820     
   1.22128335634867        1.22128335634867      -0.472462399047363     
   1.22128335634867        1.52660419543584      -0.477699543853380     
   1.22128335634867        1.83192503452301      -0.475154962248817     
   1.22128335634867        2.13724587361018      -0.468243429827482     
   1.22128335634867        2.44256671269735      -0.453276427435022     
   1.22128335634867        2.74788755178452      -0.429597148895054     
   1.22128335634867        3.05320839087168      -0.398838398930273     
   1.22128335634867        3.35852922995885      -0.363365007413426     
   1.22128335634867        3.66385006904602      -0.326145371767976     
   1.22128335634867        3.96917090813319      -0.291438157427762     
   1.22128335634867        4.27449174722036      -0.261448883555325     
   1.22128335634867        4.57981258630753      -0.235881836212785     
   1.22128335634867        4.88513342539469      -0.213857213373020     
   1.22128335634867        5.19045426448186      -0.194897943491059     
   1.22128335634867        5.49577510356903      -0.178740476100012     
   1.22128335634867        5.80109594265620      -0.165179787104578     
   1.22128335634867        6.10641678174337      -0.153961229746628     
   1.22128335634867        6.41173762083054      -0.144629972436141     
   1.22128335634867        6.71705845991770      -0.136669674926495     
   1.22128335634867        7.02237929900487      -0.129243201526328     
   1.22128335634867        7.32770013809204      -0.121033635177053     
   1.52660419543584       0.000000000000000E+000 -0.360794167860289     
   1.52660419543584       0.305320839087168      -0.399277817313678     
   1.52660419543584       0.610641678174337      -0.433640206186253     
   1.52660419543584       0.915962517261505      -0.460707363199592     
   1.52660419543584        1.22128335634867      -0.477688141712856     
   1.52660419543584        1.52660419543584      -0.484728737041695     
   1.52660419543584        1.83192503452301      -0.485670185854781     
   1.52660419543584        2.13724587361018      -0.478274526713648     
   1.52660419543584        2.44256671269735      -0.461254816678880     
   1.52660419543584        2.74788755178452      -0.435258222383459     
   1.52660419543584        3.05320839087168      -0.402560326842503     
   1.52660419543584        3.35852922995885      -0.366220413905486     
   1.52660419543584        3.66385006904602      -0.329409201358420     
   1.52660419543584        3.96917090813319      -0.294886929647338     
   1.52660419543584        4.27449174722036      -0.264300657737592     
   1.52660419543584        4.57981258630753      -0.238000993490169     
   1.52660419543584        4.88513342539469      -0.215638214050772     
   1.52660419543584        5.19045426448186      -0.196688910830060     
   1.52660419543584        5.49577510356903      -0.180629535003616     
   1.52660419543584        5.80109594265620      -0.166969738801421     
   1.52660419543584        6.10641678174337      -0.155260299304419     
   1.52660419543584        6.41173762083054      -0.145061600939785     
   1.52660419543584        6.71705845991770      -0.135937672226954     
   1.52660419543584        7.02237929900487      -0.127349715089442     
   1.52660419543584        7.32770013809204      -0.118742667235601     
   1.83192503452301       0.000000000000000E+000 -0.354541498510391     
   1.83192503452301       0.305320839087168      -0.393123880247145     
   1.83192503452301       0.610641678174337      -0.428109562034218     
   1.83192503452301       0.915962517261505      -0.455830003723996     
   1.83192503452301        1.22128335634867      -0.475114032886142     
   1.83192503452301        1.52660419543584      -0.485636520566536     
   1.83192503452301        1.83192503452301      -0.486464283870308     
   1.83192503452301        2.13724587361018      -0.477033341018133     
   1.83192503452301        2.44256671269735      -0.457896422589063     
   1.83192503452301        2.74788755178452      -0.430832680776391     
   1.83192503452301        3.05320839087168      -0.398398693191358     
   1.83192503452301        3.35852922995885      -0.363335964138791     
   1.83192503452301        3.66385006904602      -0.328151370664410     
   1.83192503452301        3.96917090813319      -0.294864138419573     
   1.83192503452301        4.27449174722036      -0.264819060894032     
   1.83192503452301        4.57981258630753      -0.238641964837604     
   1.83192503452301        4.88513342539469      -0.216363998758050     
   1.83192503452301        5.19045426448186      -0.197597023389142     
   1.83192503452301        5.49577510356903      -0.181710994625086     
   1.83192503452301        5.80109594265620      -0.168022100912284     
   1.83192503452301        6.10641678174337      -0.155953541508574     
   1.83192503452301        6.41173762083054      -0.145101583247091     
   1.83192503452301        6.71705845991770      -0.135189050627318     
   1.83192503452301        7.02237929900487      -0.125971617480179     
   1.83192503452301        7.32770013809204      -0.117219509901573     
   2.13724587361018       0.000000000000000E+000 -0.347962434143669     
   2.13724587361018       0.305320839087168      -0.384909430722290     
   2.13724587361018       0.610641678174337      -0.419201811686691     
   2.13724587361018       0.915962517261505      -0.447820394597683     
   2.13724587361018        1.22128335634867      -0.468151213015363     
   2.13724587361018        1.52660419543584      -0.478184351425897     
   2.13724587361018        1.83192503452301      -0.476976692381311     
   2.13724587361018        2.13724587361018      -0.465040151735854     
   2.13724587361018        2.44256671269735      -0.444227907495761     
   2.13724587361018        2.74788755178452      -0.417121580615312     
   2.13724587361018        3.05320839087168      -0.386297629510189     
   2.13724587361018        3.35852922995885      -0.353886845174440     
   2.13724587361018        3.66385006904602      -0.321551829091452     
   2.13724587361018        3.96917090813319      -0.290637118017110     
   2.13724587361018        4.27449174722036      -0.262231349957137     
   2.13724587361018        4.57981258630753      -0.237101361025391     
   2.13724587361018        4.88513342539469      -0.215552018390862     
   2.13724587361018        5.19045426448186      -0.197351123824251     
   2.13724587361018        5.49577510356903      -0.181854464712046     
   2.13724587361018        5.80109594265620      -0.168295700083189     
   2.13724587361018        6.10641678174337      -0.156073268841885     
   2.13724587361018        6.41173762083054      -0.144871874885249     
   2.13724587361018        6.71705845991770      -0.134580657991536     
   2.13724587361018        7.02237929900487      -0.125123264748862     
   2.13724587361018        7.32770013809204      -0.116373338629575     
   2.44256671269735       0.000000000000000E+000 -0.342714886442999     
   2.44256671269735       0.305320839087168      -0.377542901879757     
   2.44256671269735       0.610641678174337      -0.408874711247939     
   2.44256671269735       0.915962517261505      -0.434869624976749     
   2.44256671269735        1.22128335634867      -0.453106365219521     
   2.44256671269735        1.52660419543584      -0.461087710842138     
   2.44256671269735        1.83192503452301      -0.457767529815683     
   2.44256671269735        2.13724587361018      -0.444159353492236     
   2.44256671269735        2.44256671269735      -0.422818001451880     
   2.44256671269735        2.74788755178452      -0.396739079210751     
   2.44256671269735        3.05320839087168      -0.368382026803015     
   2.44256671269735        3.35852922995885      -0.339306841792168     
   2.44256671269735        3.66385006904602      -0.310454010813989     
   2.44256671269735        3.96917090813319      -0.282607148212125     
   2.44256671269735        4.27449174722036      -0.256609110811913     
   2.44256671269735        4.57981258630753      -0.233264307710148     
   2.44256671269735        4.88513342539469      -0.213030889547171     
   2.44256671269735        5.19045426448186      -0.195787114501000     
   2.44256671269735        5.49577510356903      -0.180920020962734     
   2.44256671269735        5.80109594265620      -0.167676405226929     
   2.44256671269735        6.10641678174337      -0.155522099287065     
   2.44256671269735        6.41173762083054      -0.144277506142027     
   2.44256671269735        6.71705845991770      -0.133975483615633     
   2.44256671269735        7.02237929900487      -0.124597932240598     
   2.44256671269735        7.32770013809204      -0.115971913958556     
   2.74788755178452       0.000000000000000E+000 -0.335924790820706     
   2.74788755178452       0.305320839087168      -0.366933088294186     
   2.74788755178452       0.610641678174337      -0.394468060079747     
   2.74788755178452       0.915962517261505      -0.415439925856322     
   2.74788755178452        1.22128335634867      -0.429319864047957     
   2.74788755178452        1.52660419543584      -0.435001131433802     
   2.74788755178452        1.83192503452301      -0.430626992816043     
   2.74788755178452        2.13724587361018      -0.416984869864033     
   2.74788755178452        2.44256671269735      -0.396674915257720     
   2.74788755178452        2.74788755178452      -0.372697421858774     
   2.74788755178452        3.05320839087168      -0.347326665250589     
   2.74788755178452        3.35852922995885      -0.321749309998109     
   2.74788755178452        3.66385006904602      -0.296452325371781     
   2.74788755178452        3.96917090813319      -0.271847746092370     
   2.74788755178452        4.27449174722036      -0.248590050398848     
   2.74788755178452        4.57981258630753      -0.227447804279385     
   2.74788755178452        4.88513342539469      -0.208907326155050     
   2.74788755178452        5.19045426448186      -0.192886986319334     
   2.74788755178452        5.49577510356903      -0.178825197258491     
   2.74788755178452        5.80109594265620      -0.166055869736334     
   2.74788755178452        6.10641678174337      -0.154185606133790     
   2.74788755178452        6.41173762083054      -0.143212527411930     
   2.74788755178452        6.71705845991770      -0.133233363482901     
   2.74788755178452        7.02237929900487      -0.124201112909331     
   2.74788755178452        7.32770013809204      -0.115926024383533     
   3.05320839087168       0.000000000000000E+000 -0.326156462270321     
   3.05320839087168       0.305320839087168      -0.349085005595553     
   3.05320839087168       0.610641678174337      -0.370438109830407     
   3.05320839087168       0.915962517261505      -0.388338160698960     
   3.05320839087168        1.22128335634867      -0.398431590363854     
   3.05320839087168        1.52660419543584      -0.402215795808393     
   3.05320839087168        1.83192503452301      -0.398126156311609     
   3.05320839087168        2.13724587361018      -0.386105010143214     
   3.05320839087168        2.44256671269735      -0.368267429286969     
   3.05320839087168        2.74788755178452      -0.347278053333521     
   3.05320839087168        3.05320839087168      -0.325183745124798     
   3.05320839087168        3.35852922995885      -0.303000966969001     
   3.05320839087168        3.66385006904602      -0.281029108089956     
   3.05320839087168        3.96917090813319      -0.259501899378180     
   3.05320839087168        4.27449174722036      -0.238972617189770     
   3.05320839087168        4.57981258630753      -0.220141588978558     
   3.05320839087168        4.88513342539469      -0.203428938894139     
   3.05320839087168        5.19045426448186      -0.188734204402571     
   3.05320839087168        5.49577510356903      -0.175557928397711     
   3.05320839087168        5.80109594265620      -0.163370232111492     
   3.05320839087168        6.10641678174337      -0.151961878661098     
   3.05320839087168        6.41173762083054      -0.141454940835743     
   3.05320839087168        6.71705845991770      -0.131896833527310     
   3.05320839087168        7.02237929900487      -0.123455335762862     
   3.05320839087168        7.32770013809204      -0.115833928679822     
   3.35852922995885       0.000000000000000E+000 -0.312989971400881     
   3.35852922995885       0.305320839087168      -0.324805140085755     
   3.35852922995885       0.610641678174337      -0.338173650331720     
   3.35852922995885       0.915962517261505      -0.353377265036452     
   3.35852922995885        1.22128335634867      -0.362847210478816     
   3.35852922995885        1.52660419543584      -0.365817260948432     
   3.35852922995885        1.83192503452301      -0.363022653285612     
   3.35852922995885        2.13724587361018      -0.353660310348939     
   3.35852922995885        2.44256671269735      -0.339160868129956     
   3.35852922995885        2.74788755178452      -0.321669761200595     
   3.35852922995885        3.05320839087168      -0.302969661678680     
   3.35852922995885        3.35852922995885      -0.284017537006103     
   3.35852922995885        3.66385006904602      -0.265090851855468     
   3.35852922995885        3.96917090813319      -0.246374146259909     
   3.35852922995885        4.27449174722036      -0.228397445719273     
   3.35852922995885        4.57981258630753      -0.211788609309823     
   3.35852922995885        4.88513342539469      -0.196857143432421     
   3.35852922995885        5.19045426448186      -0.183461267436683     
   3.35852922995885        5.49577510356903      -0.171174939820811     
   3.35852922995885        5.80109594265620      -0.159625745260443     
   3.35852922995885        6.10641678174337      -0.148783302911403     
   3.35852922995885        6.41173762083054      -0.138733674919986     
   3.35852922995885        6.71705845991770      -0.129582353318017     
   3.35852922995885        7.02237929900487      -0.121774669144823     
   3.35852922995885        7.32770013809204      -0.114902812483939     
   3.66385006904602       0.000000000000000E+000 -0.291673448121156     
   3.66385006904602       0.305320839087168      -0.300172421315548     
   3.66385006904602       0.610641678174337      -0.305743985220739     
   3.66385006904602       0.915962517261505      -0.316892836063116     
   3.66385006904602        1.22128335634867      -0.325616019380229     
   3.66385006904602        1.52660419543584      -0.329004236907735     
   3.66385006904602        1.83192503452301      -0.327835440429423     
   3.66385006904602        2.13724587361018      -0.321318743534811     
   3.66385006904602        2.44256671269735      -0.310297184409526     
   3.66385006904602        2.74788755178452      -0.296358293388363     
   3.66385006904602        3.05320839087168      -0.280980800485784     
   3.66385006904602        3.35852922995885      -0.265072603021506     
   3.66385006904602        3.66385006904602      -0.248961395196451     
   3.66385006904602        3.96917090813319      -0.232851877554067     
   3.66385006904602        4.27449174722036      -0.217259085537253     
   3.66385006904602        4.57981258630753      -0.202718149677325     
   3.66385006904602        4.88513342539469      -0.189431475745017     
   3.66385006904602        5.19045426448186      -0.177239588716583     
   3.66385006904602        5.49577510356903      -0.165810918579158     
   3.66385006904602        5.80109594265620      -0.154927803920575     
   3.66385006904602        6.10641678174337      -0.144684222644604     
   3.66385006904602        6.41173762083054      -0.135125654934334     
   3.66385006904602        6.71705845991770      -0.126409184431155     
   3.66385006904602        7.02237929900487      -0.119225761743295     
   3.66385006904602        7.32770013809204      -0.113436858542237     
   3.96917090813319       0.000000000000000E+000 -0.278066077429985     
   3.96917090813319       0.305320839087168      -0.281671741194978     
   3.96917090813319       0.610641678174337      -0.280210664088661     
   3.96917090813319       0.915962517261505      -0.284909253331555     
   3.96917090813319        1.22128335634867      -0.291018668807703     
   3.96917090813319        1.52660419543584      -0.294542092347735     
   3.96917090813319        1.83192503452301      -0.294584035612166     
   3.96917090813319        2.13724587361018      -0.290423736676902     
   3.96917090813319        2.44256671269735      -0.282458145591153     
   3.96917090813319        2.74788755178452      -0.271753226088012     
   3.96917090813319        3.05320839087168      -0.259447956211400     
   3.96917090813319        3.35852922995885      -0.246347573417436     
   3.96917090813319        3.66385006904602      -0.232842512047361     
   3.96917090813319        3.96917090813319      -0.219200342826998     
   3.96917090813319        4.27449174722036      -0.205853168189128     
   3.96917090813319        4.57981258630753      -0.193204799435171     
   3.96917090813319        4.88513342539469      -0.181390940245727     
   3.96917090813319        5.19045426448186      -0.170287180250621     
   3.96917090813319        5.49577510356903      -0.159681756622948     
   3.96917090813319        5.80109594265620      -0.149492017137618     
   3.96917090813319        6.10641678174337      -0.139879649544674     
   3.96917090813319        6.41173762083054      -0.130949478356813     
   3.96917090813319        6.71705845991770      -0.122881926026606     
   3.96917090813319        7.02237929900487      -0.116203780384439     
   3.96917090813319        7.32770013809204      -0.110431433956964     
   4.27449174722036       0.000000000000000E+000 -0.257155538306706     
   4.27449174722036       0.305320839087168      -0.260216979700866     
   4.27449174722036       0.610641678174337      -0.257209385342248     
   4.27449174722036       0.915962517261505      -0.257773766434588     
   4.27449174722036        1.22128335634867      -0.261189121865881     
   4.27449174722036        1.52660419543584      -0.264050595838396     
   4.27449174722036        1.83192503452301      -0.264599952612159     
   4.27449174722036        2.13724587361018      -0.262056382257207     
   4.27449174722036        2.44256671269735      -0.256482201096446     
   4.27449174722036        2.74788755178452      -0.248506506641236     
   4.27449174722036        3.05320839087168      -0.238922959759891     
   4.27449174722036        3.35852922995885      -0.228371636428879     
   4.27449174722036        3.66385006904602      -0.217248763980401     
   4.27449174722036        3.96917090813319      -0.205851414418843     
   4.27449174722036        4.27449174722036      -0.194512085509616     
   4.27449174722036        4.57981258630753      -0.183516945349531     
   4.27449174722036        4.88513342539469      -0.172980683576112     
   4.27449174722036        5.19045426448186      -0.162855840363359     
   4.27449174722036        5.49577510356903      -0.153057616671670     
   4.27449174722036        5.80109594265620      -0.143605314340805     
   4.27449174722036        6.10641678174337      -0.134671573852425     
   4.27449174722036        6.41173762083054      -0.126443218768447     
   4.27449174722036        6.71705845991770      -0.119050592963792     
   4.27449174722036        7.02237929900487      -0.112747738339865     
   4.27449174722036        7.32770013809204      -0.107096649046047     
   4.57981258630753       0.000000000000000E+000 -0.228050664145004     
   4.57981258630753       0.305320839087168      -0.233304217952329     
   4.57981258630753       0.610641678174337      -0.233081754655013     
   4.57981258630753       0.915962517261505      -0.233553670392784     
   4.57981258630753        1.22128335634867      -0.235752122166558     
   4.57981258630753        1.52660419543584      -0.237844722218373     
   4.57981258630753        1.83192503452301      -0.238489778890966     
   4.57981258630753        2.13724587361018      -0.236972457061271     
   4.57981258630753        2.44256671269735      -0.233167737227224     
   4.57981258630753        2.74788755178452      -0.227383996462388     
   4.57981258630753        3.05320839087168      -0.220105516312076     
   4.57981258630753        3.35852922995885      -0.211773168060541     
   4.57981258630753        3.66385006904602      -0.202716247405851     
   4.57981258630753        3.96917090813319      -0.193209820214103     
   4.57981258630753        4.27449174722036      -0.183522475588276     
   4.57981258630753        4.57981258630753      -0.173883917406172     
   4.57981258630753        4.88513342539469      -0.164428235757865     
   4.57981258630753        5.19045426448186      -0.155197175111195     
   4.57981258630753        5.49577510356903      -0.146211302857513     
   4.57981258630753        5.80109594265620      -0.137547776690709     
   4.57981258630753        6.10641678174337      -0.129354797185281     
   4.57981258630753        6.41173762083054      -0.121783608912293     
   4.57981258630753        6.71705845991770      -0.114914276355925     
   4.57981258630753        7.02237929900487      -0.108787644867204     
   4.57981258630753        7.32770013809204      -0.103105673304720     
   4.88513342539469       0.000000000000000E+000 -0.200304591490007     
   4.88513342539469       0.305320839087168      -0.206861521488661     
   4.88513342539469       0.610641678174337      -0.209646598559036     
   4.88513342539469       0.915962517261505      -0.211693853840383     
   4.88513342539469        1.22128335634867      -0.213808389831352     
   4.88513342539469        1.52660419543584      -0.215553224586024     
   4.88513342539469        1.83192503452301      -0.216268838934321     
   4.88513342539469        2.13724587361018      -0.215466272998544     
   4.88513342539469        2.44256671269735      -0.212966475173022     
   4.88513342539469        2.74788755178452      -0.208868627600538     
   4.88513342539469        3.05320839087168      -0.203414406127799     
   4.88513342539469        3.35852922995885      -0.196861480760344     
   4.88513342539469        3.66385006904602      -0.189447585632804     
   4.88513342539469        3.96917090813319      -0.181411329017515     
   4.88513342539469        4.27449174722036      -0.172998529435030     
   4.88513342539469        4.57981258630753      -0.164438411589686     
   4.88513342539469        4.88513342539469      -0.155908103975386     
   4.88513342539469        5.19045426448186      -0.147523209719115     
   4.88513342539469        5.49577510356903      -0.139367321506543     
   4.88513342539469        5.80109594265620      -0.131528986157571     
   4.88513342539469        6.10641678174337      -0.124106890870035     
   4.88513342539469        6.41173762083054      -0.117177114502441     
   4.88513342539469        6.71705845991770      -0.110758517537603     
   4.88513342539469        7.02237929900487      -0.104808729623283     
   4.88513342539469        7.32770013809204      -9.919387383850342E-002
   5.19045426448186       0.000000000000000E+000 -0.177942413362243     
   5.19045426448186       0.305320839087168      -0.184825265885347     
   5.19045426448186       0.610641678174337      -0.189340793674648     
   5.19045426448186       0.915962517261505      -0.192483688233025     
   5.19045426448186        1.22128335634867      -0.194888612065577     
   5.19045426448186        1.52660419543584      -0.196646727727931     
   5.19045426448186        1.83192503452301      -0.197540797771569     
   5.19045426448186        2.13724587361018      -0.197298415410675     
   5.19045426448186        2.44256671269735      -0.195751089666918     
   5.19045426448186        2.74788755178452      -0.192874722614563     
   5.19045426448186        3.05320839087168      -0.188746322901785     
   5.19045426448186        3.35852922995885      -0.183492717914742     
   5.19045426448186        3.66385006904602      -0.177281510196324     
   5.19045426448186        3.96917090813319      -0.170329606335876     
   5.19045426448186        4.27449174722036      -0.162890511343879     
   5.19045426448186        4.57981258630753      -0.155219491086320     
   5.19045426448186        4.88513342539469      -0.147532795636276     
   5.19045426448186        5.19045426448186      -0.139984955568887     
   5.19045426448186        5.49577510356903      -0.132675601388432     
   5.19045426448186        5.80109594265620      -0.125669890712871     
   5.19045426448186        6.10641678174337      -0.119009435699763     
   5.19045426448186        6.41173762083054      -0.112708526202449     
   5.19045426448186        6.71705845991770      -0.106750542557829     
   5.19045426448186        7.02237929900487      -0.101096637079242     
   5.19045426448186        7.32770013809204      -9.569919493660377E-002
   5.49577510356903       0.000000000000000E+000 -0.161124084224231     
   5.49577510356903       0.305320839087168      -0.167520715264441     
   5.49577510356903       0.610641678174337      -0.172426289240789     
   5.49577510356903       0.915962517261505      -0.176080705827905     
   5.49577510356903        1.22128335634867      -0.178741804827446     
   5.49577510356903        1.52660419543584      -0.180605133966295     
   5.49577510356903        1.83192503452301      -0.181674540914437     
   5.49577510356903        2.13724587361018      -0.181821633592564     
   5.49577510356903        2.44256671269735      -0.180904805020194     
   5.49577510356903        2.74788755178452      -0.178836788194595     
   5.49577510356903        3.05320839087168      -0.175598310714966     
   5.49577510356903        3.35852922995885      -0.171237907516553     
   5.49577510356903        3.66385006904602      -0.165883736102850     
   5.49577510356903        3.96917090813319      -0.159749882035556     
   5.49577510356903        4.27449174722036      -0.153110253641263     
   5.49577510356903        4.57981258630753      -0.146244400130264     
   5.49577510356903        4.88513342539469      -0.139383085136439     
   5.49577510356903        5.19045426448186      -0.132680015097670     
   5.49577510356903        5.49577510356903      -0.126215562734751     
   5.49577510356903        5.80109594265620      -0.120018347622490     
   5.49577510356903        6.10641678174337      -0.114086011419063     
   5.49577510356903        6.41173762083054      -0.108397160972675     
   5.49577510356903        6.71705845991770      -0.102928105424418     
   5.49577510356903        7.02237929900487      -9.767012741885561E-002
   5.49577510356903        7.32770013809204      -9.261572219026377E-002
   5.80109594265620       0.000000000000000E+000 -0.149577275964041     
   5.80109594265620       0.305320839087168      -0.154885852146635     
   5.80109594265620       0.610641678174337      -0.159170194589821     
   5.80109594265620       0.915962517261505      -0.162599841851741     
   5.80109594265620        1.22128335634867      -0.165175599146514     
   5.80109594265620        1.52660419543584      -0.166945583490079     
   5.80109594265620        1.83192503452301      -0.167989668133522     
   5.80109594265620        2.13724587361018      -0.168269985821378     
   5.80109594265620        2.44256671269735      -0.167672720402807     
   5.80109594265620        2.74788755178452      -0.166086156041184     
   5.80109594265620        3.05320839087168      -0.163438629973447     
   5.80109594265620        3.35852922995885      -0.159724438586017     
   5.80109594265620        3.66385006904602      -0.155036978230887     
   5.80109594265620        3.96917090813319      -0.149588445349171     
   5.80109594265620        4.27449174722036      -0.143674324664737     
   5.80109594265620        4.57981258630753      -0.137587323746973     
   5.80109594265620        4.88513342539469      -0.131545606688991     
   5.80109594265620        5.19045426448186      -0.125673192548005     
   5.80109594265620        5.49577510356903      -0.120017076267740     
   5.80109594265620        5.80109594265620      -0.114577890107710     
   5.80109594265620        6.10641678174337      -0.109336706896072     
   5.80109594265620        6.41173762083054      -0.104300248340094     
   5.80109594265620        6.71705845991770      -9.943472779999585E-002
   5.80109594265620        7.02237929900487      -9.469161218486129E-002
   5.80109594265620        7.32770013809204      -9.004607417887557E-002
   6.10641678174337       0.000000000000000E+000 -0.143118658878815     
   6.10641678174337       0.305320839087168      -0.146615931824704     
   6.10641678174337       0.610641678174337      -0.149374552216164     
   6.10641678174337       0.915962517261505      -0.151941466162823     
   6.10641678174337        1.22128335634867      -0.153943267465319     
   6.10641678174337        1.52660419543584      -0.155225632758197     
   6.10641678174337        1.83192503452301      -0.155914157735412     
   6.10641678174337        2.13724587361018      -0.156044186375345     
   6.10641678174337        2.44256671269735      -0.155520536239425     
   6.10641678174337        2.74788755178452      -0.154228474837322     
   6.10641678174337        3.05320839087168      -0.152060313258320     
   6.10641678174337        3.35852922995885      -0.148931156768588     
   6.10641678174337        3.66385006904602      -0.144846470869225     
   6.10641678174337        3.96917090813319      -0.140012593259175     
   6.10641678174337        4.27449174722036      -0.134754158020998     
   6.10641678174337        4.57981258630753      -0.129393740952389     
   6.10641678174337        4.88513342539469      -0.124117934315276     
   6.10641678174337        5.19045426448186      -0.119007039621425     
   6.10641678174337        5.49577510356903      -0.114080274132203     
   6.10641678174337        5.80109594265620      -0.109332777594113     
   6.10641678174337        6.10641678174337      -0.104810061901134     
   6.10641678174337        6.41173762083054      -0.100489883800613     
   6.10641678174337        6.71705845991770      -9.629378233948115E-002
   6.10641678174337        7.02237929900487      -9.214075633332705E-002
   6.10641678174337        7.32770013809204      -8.795192476233148E-002
   6.41173762083054       0.000000000000000E+000 -0.141315156298456     
   6.41173762083054       0.305320839087168      -0.141733260326405     
   6.41173762083054       0.610641678174337      -0.142072451649169     
   6.41173762083054       0.915962517261505      -0.143518860286496     
   6.41173762083054        1.22128335634867      -0.144596309516366     
   6.41173762083054        1.52660419543584      -0.145011264488149     
   6.41173762083054        1.83192503452301      -0.145048464264223     
   6.41173762083054        2.13724587361018      -0.144831665114170     
   6.41173762083054        2.44256671269735      -0.144268418550307     
   6.41173762083054        2.74788755178452      -0.143259405532887     
   6.41173762083054        3.05320839087168      -0.141583127561778     
   6.41173762083054        3.35852922995885      -0.138936475966996     
   6.41173762083054        3.66385006904602      -0.135345933259945     
   6.41173762083054        3.96917090813319      -0.131115270709827     
   6.41173762083054        4.27449174722036      -0.126528120977792     
   6.41173762083054        4.57981258630753      -0.121809246425113     
   6.41173762083054        4.88513342539469      -0.117174863261591     
   6.41173762083054        5.19045426448186      -0.112697481357391     
   6.41173762083054        5.49577510356903      -0.108386941745966     
   6.41173762083054        5.80109594265620      -0.104294395643624     
   6.41173762083054        6.10641678174337      -0.100488588218332     
   6.41173762083054        6.41173762083054      -9.689130813634264E-002
   6.41173762083054        6.71705845991770      -9.339367650344267E-002
   6.41173762083054        7.02237929900487      -8.988910806336739E-002
   6.41173762083054        7.32770013809204      -8.622204249694548E-002
   6.71705845991770       0.000000000000000E+000 -0.141865218915885     
   6.71705845991770       0.305320839087168      -0.137405438280867     
   6.71705845991770       0.610641678174337      -0.136053881102286     
   6.71705845991770       0.915962517261505      -0.136804632654663     
   6.71705845991770        1.22128335634867      -0.136624624335845     
   6.71705845991770        1.52660419543584      -0.135873519367609     
   6.71705845991770        1.83192503452301      -0.135120400805093     
   6.71705845991770        2.13724587361018      -0.134524561839182     
   6.71705845991770        2.44256671269735      -0.133947410857885     
   6.71705845991770        2.74788755178452      -0.133261663910948     
   6.71705845991770        3.05320839087168      -0.132016025190231     
   6.71705845991770        3.35852922995885      -0.129796676770422     
   6.71705845991770        3.66385006904602      -0.126643692548252     
   6.71705845991770        3.96917090813319      -0.123030458827578     
   6.71705845991770        4.27449174722036      -0.119095194216845     
   6.71705845991770        4.57981258630753      -0.114902596293172     
   6.71705845991770        4.88513342539469      -0.110733875351796     
   6.71705845991770        5.19045426448186      -0.106730043983605     
   6.71705845991770        5.49577510356903      -0.102917268400044     
   6.71705845991770        5.80109594265620      -9.943332654306762E-002
   6.71705845991770        6.10641678174337      -9.629672723769733E-002
   6.71705845991770        6.41173762083054      -9.339394658839509E-002
   6.71705845991770        6.71705845991770      -9.055507410223497E-002
   6.71705845991770        7.02237929900487      -8.770151179051450E-002
   6.71705845991770        7.32770013809204      -8.466897925871299E-002
   7.02237929900487       0.000000000000000E+000 -0.135667508775232     
   7.02237929900487       0.305320839087168      -0.131188235887145     
   7.02237929900487       0.610641678174337      -0.131835459872289     
   7.02237929900487       0.915962517261505      -0.131147560476034     
   7.02237929900487        1.22128335634867      -0.129195651397344     
   7.02237929900487        1.52660419543584      -0.127279643693926     
   7.02237929900487        1.83192503452301      -0.125893007611520     
   7.02237929900487        2.13724587361018      -0.125051107225571     
   7.02237929900487        2.44256671269735      -0.124540001407981     
   7.02237929900487        2.74788755178452      -0.124177519356558     
   7.02237929900487        3.05320839087168      -0.123495647620076     
   7.02237929900487        3.35852922995885      -0.121891208246601     
   7.02237929900487        3.66385006904602      -0.119355784587718     
   7.02237929900487        3.96917090813319      -0.116240143408982     
   7.02237929900487        4.27449174722036      -0.112699216210384     
   7.02237929900487        4.57981258630753      -0.108718551510603     
   7.02237929900487        4.88513342539469      -0.104756571486757     
   7.02237929900487        5.19045426448186      -0.101068798389230     
   7.02237929900487        5.49577510356903      -9.766406550889239E-002
   7.02237929900487        5.80109594265620      -9.470023363339933E-002
   7.02237929900487        6.10641678174337      -9.215222609560111E-002
   7.02237929900487        6.41173762083054      -8.988707498848558E-002
   7.02237929900487        6.71705845991770      -8.767979821877293E-002
   7.02237929900487        7.02237929900487      -8.546166508363162E-002
   7.02237929900487        7.32770013809204      -8.306653664251801E-002
   7.32770013809204       0.000000000000000E+000 -0.123081456777376     
   7.32770013809204       0.305320839087168      -0.127997345572629     
   7.32770013809204       0.610641678174337      -0.126911289469437     
   7.32770013809204       0.915962517261505      -0.123948985729434     
   7.32770013809204        1.22128335634867      -0.120990363015827     
   7.32770013809204        1.52660419543584      -0.118675749812318     
   7.32770013809204        1.83192503452301      -0.117140352940687     
   7.32770013809204        2.13724587361018      -0.116291301876585     
   7.32770013809204        2.44256671269735      -0.115886215784955     
   7.32770013809204        2.74788755178452      -0.115841928981917     
   7.32770013809204        3.05320839087168      -0.115762103296054     
   7.32770013809204        3.35852922995885      -0.114855105803547     
   7.32770013809204        3.66385006904602      -0.113417129372876     
   7.32770013809204        3.96917090813319      -0.110340426939083     
   7.32770013809204        4.27449174722036      -0.106961527488604     
   7.32770013809204        4.57981258630753      -0.102992332899947     
   7.32770013809204        4.88513342539469      -9.912415861354011E-002
   7.32770013809204        5.19045426448186      -9.566895593785629E-002
   7.32770013809204        5.49577510356903      -9.261604893732719E-002
   7.32770013809204        5.80109594265620      -9.006405930865917E-002
   7.32770013809204        6.10641678174337      -8.797081250975192E-002
   7.32770013809204        6.41173762083054      -8.621868173534455E-002
   7.32770013809204        6.71705845991770      -8.462403582083555E-002
   7.32770013809204        7.02237929900487      -8.302523811325795E-002
   7.32770013809204        7.32770013809204      -8.008653486949617E-002
